Accepting from port: 8860
Sending: 0.709812187169569#173.08892797320004#0.709812187169569#
Sending: 0.9999576832617996#213.3176272374517#0.9999576832617996#
