Accepting from port: 8860
Sending: 0.8418348964160232#195.52269955737916#0.8418348964160232#
Sending: 0.8098193369837676#189.7985865172185#0.8098193369837676#
Sending: 0.76874127629948#186.20935154376684#0.76874127629948#
