Accepting from port: 8860
Sending: 0.8176544016206302#190.2835251765347#0.8176544016206302#
Sending: 0.849968239328712#196.02471617229165#0.849968239328712#
Sending: 0.849968239328712#196.02471617229165#0.849968239328712#
