"P=? [ F ""success"" ]","R=? [ F ""done"" ]",experiment
40.85220081563775,51.503026530261195,output_Construct_Both/exp20/agricultural|NONE2|0|-|-|-|-|-|FRONT|20|400|NSGAII/results/AGRICULTURAL_NSGAII_131225_10431815309241501108079265_1_Front
8.957952468007324,90.49939797029987,output_Construct_Both/exp20/agricultural|NONE2|0|-|-|-|-|-|FRONT|20|400|NSGAII/results/AGRICULTURAL_NSGAII_131225_10431815309241501108079265_1_Front
40.85220081563775,51.503026530261195,output_Construct_Both/exp20/agricultural|NONE2|0|-|-|-|-|-|FRONT|20|400|NSGAII/results/AGRICULTURAL_NSGAII_131225_10432416375682161543031139_2_Front
8.957952468007324,90.49939797029987,output_Construct_Both/exp20/agricultural|NONE2|0|-|-|-|-|-|FRONT|20|400|NSGAII/results/AGRICULTURAL_NSGAII_131225_10432416375682161543031139_2_Front
40.79594993671776,51.549714547822454,output_Construct_Both/exp20/agricultural|NONE2|0|-|-|-|-|-|FRONT|20|400|NSGAII/results/AGRICULTURAL_NSGAII_131225_10432416375682161543031139_2_Front
40.85220081563775,51.503026530261195,output_Construct_Both/exp20/agricultural|NONE2|0|-|-|-|-|-|FRONT|20|400|NSGAII/results/AGRICULTURAL_NSGAII_131225_1043312265212645068185291_3_Front
22.219097173393337,77.0995273862082,output_Construct_Both/exp20/agricultural|NONE2|0|-|-|-|-|-|FRONT|20|400|NSGAII/results/AGRICULTURAL_NSGAII_131225_1043312265212645068185291_3_Front
40.79594993671776,51.549714547822454,output_Construct_Both/exp20/agricultural|NONE2|0|-|-|-|-|-|FRONT|20|400|NSGAII/results/AGRICULTURAL_NSGAII_131225_1043312265212645068185291_3_Front
8.957952468007324,90.49939797029987,output_Construct_Both/exp20/agricultural|NONE2|0|-|-|-|-|-|FRONT|20|400|NSGAII/results/AGRICULTURAL_NSGAII_131225_1043312265212645068185291_3_Front
40.85220081563775,51.503026530261195,output_Construct_Both/exp20/agricultural|NONE2|0|-|-|-|-|-|FRONT|20|400|NSGAII/results/AGRICULTURAL_NSGAII_131225_1043374138110506776681300_4_Front
40.13500210940797,52.21604265810447,output_Construct_Both/exp20/agricultural|NONE2|0|-|-|-|-|-|FRONT|20|400|NSGAII/results/AGRICULTURAL_NSGAII_131225_1043374138110506776681300_4_Front
22.16284629447336,77.13597680342704,output_Construct_Both/exp20/agricultural|NONE2|0|-|-|-|-|-|FRONT|20|400|NSGAII/results/AGRICULTURAL_NSGAII_131225_1043374138110506776681300_4_Front
1.0125158205597096,99.08098323326807,output_Construct_Both/exp20/agricultural|NONE2|0|-|-|-|-|-|FRONT|20|400|NSGAII/results/AGRICULTURAL_NSGAII_131225_10434415488961182273373610_5_Front
55.43524117564338,42.4148353223521,output_Construct_Both/exp20/agricultural|NONE2|0|-|-|-|-|-|FRONT|20|400|NSGAII/results/AGRICULTURAL_NSGAII_131225_10434415488961182273373610_5_Front
40.13500210940797,52.21604265810447,output_Construct_Both/exp20/agricultural|NONE2|0|-|-|-|-|-|FRONT|20|400|NSGAII/results/AGRICULTURAL_NSGAII_131225_10434415488961182273373610_5_Front
4.303192237378719,94.20044722206296,output_Construct_Both/exp20/agricultural|NONE2|0|-|-|-|-|-|FRONT|20|400|NSGAII/results/AGRICULTURAL_NSGAII_131225_10434415488961182273373610_5_Front
22.16284629447336,77.13597680342704,output_Construct_Both/exp20/agricultural|NONE2|0|-|-|-|-|-|FRONT|20|400|NSGAII/results/AGRICULTURAL_NSGAII_131225_10434415488961182273373610_5_Front
40.85220081563775,51.503026530261195,output_Construct_Both/exp20/agricultural|NONE2|0|-|-|-|-|-|FRONT|20|400|NSGAII/results/AGRICULTURAL_NSGAII_131225_10434415488961182273373610_5_Front
1.0125158205597096,99.08098323326807,output_Construct_Both/exp20/agricultural|NONE2|0|-|-|-|-|-|FRONT|20|400|NSGAII/results/AGRICULTURAL_NSGAII_131225_1043483783244439538936918_6_Front
29.686401350021104,64.91231662666786,output_Construct_Both/exp20/agricultural|NONE2|0|-|-|-|-|-|FRONT|20|400|NSGAII/results/AGRICULTURAL_NSGAII_131225_1043483783244439538936918_6_Front
40.13500210940797,52.21604265810447,output_Construct_Both/exp20/agricultural|NONE2|0|-|-|-|-|-|FRONT|20|400|NSGAII/results/AGRICULTURAL_NSGAII_131225_1043483783244439538936918_6_Front
4.303192237378719,94.20044722206296,output_Construct_Both/exp20/agricultural|NONE2|0|-|-|-|-|-|FRONT|20|400|NSGAII/results/AGRICULTURAL_NSGAII_131225_1043483783244439538936918_6_Front
22.16284629447336,77.13597680342704,output_Construct_Both/exp20/agricultural|NONE2|0|-|-|-|-|-|FRONT|20|400|NSGAII/results/AGRICULTURAL_NSGAII_131225_1043483783244439538936918_6_Front
25.481648150752356,69.14208720011139,output_Construct_Both/exp20/agricultural|NONE2|0|-|-|-|-|-|FRONT|20|400|NSGAII/results/AGRICULTURAL_NSGAII_131225_1043483783244439538936918_6_Front
1.0125158205597096,99.08098323326807,output_Construct_Both/exp20/agricultural|NONE2|0|-|-|-|-|-|FRONT|20|400|NSGAII/results/AGRICULTURAL_NSGAII_131225_10435217575598405452525502_7_Front
66.02446913233018,27.862507883722266,output_Construct_Both/exp20/agricultural|NONE2|0|-|-|-|-|-|FRONT|20|400|NSGAII/results/AGRICULTURAL_NSGAII_131225_10435217575598405452525502_7_Front
4.303192237378719,94.20044722206296,output_Construct_Both/exp20/agricultural|NONE2|0|-|-|-|-|-|FRONT|20|400|NSGAII/results/AGRICULTURAL_NSGAII_131225_10435217575598405452525502_7_Front
29.686401350021104,64.91231662666786,output_Construct_Both/exp20/agricultural|NONE2|0|-|-|-|-|-|FRONT|20|400|NSGAII/results/AGRICULTURAL_NSGAII_131225_10435217575598405452525502_7_Front
40.13500210940797,52.21604265810447,output_Construct_Both/exp20/agricultural|NONE2|0|-|-|-|-|-|FRONT|20|400|NSGAII/results/AGRICULTURAL_NSGAII_131225_10435217575598405452525502_7_Front
22.16284629447336,77.13597680342704,output_Construct_Both/exp20/agricultural|NONE2|0|-|-|-|-|-|FRONT|20|400|NSGAII/results/AGRICULTURAL_NSGAII_131225_10435217575598405452525502_7_Front
44.19912811137674,48.432265515574976,output_Construct_Both/exp20/agricultural|NONE2|0|-|-|-|-|-|FRONT|20|400|NSGAII/results/AGRICULTURAL_NSGAII_131225_10435217575598405452525502_7_Front
25.481648150752356,69.14208720011139,output_Construct_Both/exp20/agricultural|NONE2|0|-|-|-|-|-|FRONT|20|400|NSGAII/results/AGRICULTURAL_NSGAII_131225_10435217575598405452525502_7_Front
23.27380115314303,73.02292627388665,output_Construct_Both/exp20/agricultural|NONE2|0|-|-|-|-|-|FRONT|20|400|NSGAII/results/AGRICULTURAL_NSGAII_131225_10435217575598405452525502_7_Front
1.0125158205597096,99.08098323326807,output_Construct_Both/exp20/agricultural|NONE2|0|-|-|-|-|-|FRONT|20|400|NSGAII/results/AGRICULTURAL_NSGAII_131225_1043567602447883684319661_8_Front
74.20897201518774,21.73409126278801,output_Construct_Both/exp20/agricultural|NONE2|0|-|-|-|-|-|FRONT|20|400|NSGAII/results/AGRICULTURAL_NSGAII_131225_1043567602447883684319661_8_Front
4.303192237378719,94.20044722206296,output_Construct_Both/exp20/agricultural|NONE2|0|-|-|-|-|-|FRONT|20|400|NSGAII/results/AGRICULTURAL_NSGAII_131225_1043567602447883684319661_8_Front
21.684713823653492,77.54183492099897,output_Construct_Both/exp20/agricultural|NONE2|0|-|-|-|-|-|FRONT|20|400|NSGAII/results/AGRICULTURAL_NSGAII_131225_1043567602447883684319661_8_Front
40.13500210940797,52.21604265810447,output_Construct_Both/exp20/agricultural|NONE2|0|-|-|-|-|-|FRONT|20|400|NSGAII/results/AGRICULTURAL_NSGAII_131225_1043567602447883684319661_8_Front
55.083673182393476,42.65810446648703,output_Construct_Both/exp20/agricultural|NONE2|0|-|-|-|-|-|FRONT|20|400|NSGAII/results/AGRICULTURAL_NSGAII_131225_1043567602447883684319661_8_Front
25.481648150752356,69.14208720011139,output_Construct_Both/exp20/agricultural|NONE2|0|-|-|-|-|-|FRONT|20|400|NSGAII/results/AGRICULTURAL_NSGAII_131225_1043567602447883684319661_8_Front
1.0125158205597096,99.08098323326807,output_Construct_Both/exp20/agricultural|NONE2|0|-|-|-|-|-|FRONT|20|400|NSGAII/results/AGRICULTURAL_NSGAII_131225_10440116458826215740253931_9_Front
74.20897201518774,21.73409126278801,output_Construct_Both/exp20/agricultural|NONE2|0|-|-|-|-|-|FRONT|20|400|NSGAII/results/AGRICULTURAL_NSGAII_131225_10440116458826215740253931_9_Front
21.684713823653492,77.54183492099897,output_Construct_Both/exp20/agricultural|NONE2|0|-|-|-|-|-|FRONT|20|400|NSGAII/results/AGRICULTURAL_NSGAII_131225_10440116458826215740253931_9_Front
4.303192237378719,94.20044722206296,output_Construct_Both/exp20/agricultural|NONE2|0|-|-|-|-|-|FRONT|20|400|NSGAII/results/AGRICULTURAL_NSGAII_131225_10440116458826215740253931_9_Front
40.13500210940797,52.21604265810447,output_Construct_Both/exp20/agricultural|NONE2|0|-|-|-|-|-|FRONT|20|400|NSGAII/results/AGRICULTURAL_NSGAII_131225_10440116458826215740253931_9_Front
23.850372662072854,72.40861025334394,output_Construct_Both/exp20/agricultural|NONE2|0|-|-|-|-|-|FRONT|20|400|NSGAII/results/AGRICULTURAL_NSGAII_131225_10440116458826215740253931_9_Front
25.481648150752356,69.14208720011139,output_Construct_Both/exp20/agricultural|NONE2|0|-|-|-|-|-|FRONT|20|400|NSGAII/results/AGRICULTURAL_NSGAII_131225_10440116458826215740253931_9_Front
1.0125158205597096,99.08098323326807,output_Construct_Both/exp20/agricultural|NONE2|0|-|-|-|-|-|FRONT|20|400|NSGAII/results/AGRICULTURAL_NSGAII_131225_1044079858128971454778012_10_Front
74.20897201518774,21.73409126278801,output_Construct_Both/exp20/agricultural|NONE2|0|-|-|-|-|-|FRONT|20|400|NSGAII/results/AGRICULTURAL_NSGAII_131225_1044079858128971454778012_10_Front
21.684713823653492,77.54183492099897,output_Construct_Both/exp20/agricultural|NONE2|0|-|-|-|-|-|FRONT|20|400|NSGAII/results/AGRICULTURAL_NSGAII_131225_1044079858128971454778012_10_Front
25.481648150752356,69.14208720011139,output_Construct_Both/exp20/agricultural|NONE2|0|-|-|-|-|-|FRONT|20|400|NSGAII/results/AGRICULTURAL_NSGAII_131225_1044079858128971454778012_10_Front
12.586134158346226,88.50328044754973,output_Construct_Both/exp20/agricultural|NONE2|0|-|-|-|-|-|FRONT|20|400|NSGAII/results/AGRICULTURAL_NSGAII_131225_1044079858128971454778012_10_Front
40.13500210940797,52.21604265810447,output_Construct_Both/exp20/agricultural|NONE2|0|-|-|-|-|-|FRONT|20|400|NSGAII/results/AGRICULTURAL_NSGAII_131225_1044079858128971454778012_10_Front
1.0125158205597096,99.08098323326807,output_Construct_Both/exp20/agricultural|NONE2|0|-|-|-|-|-|FRONT|20|400|NSGAII/results/AGRICULTURAL_NSGAII_131225_10441213402244483916176259_11_Front
74.20897201518774,21.73409126278801,output_Construct_Both/exp20/agricultural|NONE2|0|-|-|-|-|-|FRONT|20|400|NSGAII/results/AGRICULTURAL_NSGAII_131225_10441213402244483916176259_11_Front
33.525523836309944,62.235536953156355,output_Construct_Both/exp20/agricultural|NONE2|0|-|-|-|-|-|FRONT|20|400|NSGAII/results/AGRICULTURAL_NSGAII_131225_10441213402244483916176259_11_Front
61.0181409084517,34.67322483147265,output_Construct_Both/exp20/agricultural|NONE2|0|-|-|-|-|-|FRONT|20|400|NSGAII/results/AGRICULTURAL_NSGAII_131225_10441213402244483916176259_11_Front
25.481648150752356,69.14208720011139,output_Construct_Both/exp20/agricultural|NONE2|0|-|-|-|-|-|FRONT|20|400|NSGAII/results/AGRICULTURAL_NSGAII_131225_10441213402244483916176259_11_Front
63.46505414147096,29.703817769295682,output_Construct_Both/exp20/agricultural|NONE2|0|-|-|-|-|-|FRONT|20|400|NSGAII/results/AGRICULTURAL_NSGAII_131225_10441213402244483916176259_11_Front
23.27380115314303,73.02292627388665,output_Construct_Both/exp20/agricultural|NONE2|0|-|-|-|-|-|FRONT|20|400|NSGAII/results/AGRICULTURAL_NSGAII_131225_10441213402244483916176259_11_Front
40.13500210940797,52.21604265810447,output_Construct_Both/exp20/agricultural|NONE2|0|-|-|-|-|-|FRONT|20|400|NSGAII/results/AGRICULTURAL_NSGAII_131225_10441213402244483916176259_11_Front
1.0125158205597096,99.08098323326807,output_Construct_Both/exp20/agricultural|NONE2|0|-|-|-|-|-|FRONT|20|400|NSGAII/results/AGRICULTURAL_NSGAII_131225_10441914362623913232255728_12_Front
74.20897201518774,21.73409126278801,output_Construct_Both/exp20/agricultural|NONE2|0|-|-|-|-|-|FRONT|20|400|NSGAII/results/AGRICULTURAL_NSGAII_131225_10441914362623913232255728_12_Front
33.525523836309944,62.235536953156355,output_Construct_Both/exp20/agricultural|NONE2|0|-|-|-|-|-|FRONT|20|400|NSGAII/results/AGRICULTURAL_NSGAII_131225_10441914362623913232255728_12_Front
40.13500210940797,52.21604265810447,output_Construct_Both/exp20/agricultural|NONE2|0|-|-|-|-|-|FRONT|20|400|NSGAII/results/AGRICULTURAL_NSGAII_131225_10441914362623913232255728_12_Front
25.481648150752356,69.14208720011139,output_Construct_Both/exp20/agricultural|NONE2|0|-|-|-|-|-|FRONT|20|400|NSGAII/results/AGRICULTURAL_NSGAII_131225_10441914362623913232255728_12_Front
23.27380115314303,73.02292627388665,output_Construct_Both/exp20/agricultural|NONE2|0|-|-|-|-|-|FRONT|20|400|NSGAII/results/AGRICULTURAL_NSGAII_131225_10441914362623913232255728_12_Front
63.46505414147096,29.703817769295682,output_Construct_Both/exp20/agricultural|NONE2|0|-|-|-|-|-|FRONT|20|400|NSGAII/results/AGRICULTURAL_NSGAII_131225_10441914362623913232255728_12_Front
1.0125158205597096,99.08098323326807,output_Construct_Both/exp20/agricultural|NONE2|0|-|-|-|-|-|FRONT|20|400|NSGAII/results/AGRICULTURAL_NSGAII_131225_1044243098272437944751294_13_Front
74.20897201518774,21.73409126278801,output_Construct_Both/exp20/agricultural|NONE2|0|-|-|-|-|-|FRONT|20|400|NSGAII/results/AGRICULTURAL_NSGAII_131225_1044243098272437944751294_13_Front
40.13500210940797,52.21604265810447,output_Construct_Both/exp20/agricultural|NONE2|0|-|-|-|-|-|FRONT|20|400|NSGAII/results/AGRICULTURAL_NSGAII_131225_1044243098272437944751294_13_Front
63.46505414147096,29.703817769295682,output_Construct_Both/exp20/agricultural|NONE2|0|-|-|-|-|-|FRONT|20|400|NSGAII/results/AGRICULTURAL_NSGAII_131225_1044243098272437944751294_13_Front
33.525523836309944,62.235536953156355,output_Construct_Both/exp20/agricultural|NONE2|0|-|-|-|-|-|FRONT|20|400|NSGAII/results/AGRICULTURAL_NSGAII_131225_1044243098272437944751294_13_Front
74.19490929545775,21.74064396700714,output_Construct_Both/exp20/agricultural|NONE2|0|-|-|-|-|-|FRONT|20|400|NSGAII/results/AGRICULTURAL_NSGAII_131225_1044243098272437944751294_13_Front
1.0125158205597096,99.08098323326807,output_Construct_Both/exp20/agricultural|NONE2|0|-|-|-|-|-|FRONT|20|400|NSGAII/results/AGRICULTURAL_NSGAII_131225_10443240203678151645793_14_Front
74.20897201518774,21.73409126278801,output_Construct_Both/exp20/agricultural|NONE2|0|-|-|-|-|-|FRONT|20|400|NSGAII/results/AGRICULTURAL_NSGAII_131225_10443240203678151645793_14_Front
63.46505414147096,29.703817769295682,output_Construct_Both/exp20/agricultural|NONE2|0|-|-|-|-|-|FRONT|20|400|NSGAII/results/AGRICULTURAL_NSGAII_131225_10443240203678151645793_14_Front
29.20826887920125,67.3089681948119,output_Construct_Both/exp20/agricultural|NONE2|0|-|-|-|-|-|FRONT|20|400|NSGAII/results/AGRICULTURAL_NSGAII_131225_10443240203678151645793_14_Front
40.13500210940797,52.21604265810447,output_Construct_Both/exp20/agricultural|NONE2|0|-|-|-|-|-|FRONT|20|400|NSGAII/results/AGRICULTURAL_NSGAII_131225_10443240203678151645793_14_Front
33.525523836309944,62.235536953156355,output_Construct_Both/exp20/agricultural|NONE2|0|-|-|-|-|-|FRONT|20|400|NSGAII/results/AGRICULTURAL_NSGAII_131225_10443240203678151645793_14_Front
1.0125158205597096,99.08098323326807,output_Construct_Both/exp20/agricultural|NONE2|0|-|-|-|-|-|FRONT|20|400|NSGAII/results/AGRICULTURAL_NSGAII_131225_10444113744162522922144284_15_Front
74.20897201518774,21.73409126278801,output_Construct_Both/exp20/agricultural|NONE2|0|-|-|-|-|-|FRONT|20|400|NSGAII/results/AGRICULTURAL_NSGAII_131225_10444113744162522922144284_15_Front
63.46505414147096,29.703817769295682,output_Construct_Both/exp20/agricultural|NONE2|0|-|-|-|-|-|FRONT|20|400|NSGAII/results/AGRICULTURAL_NSGAII_131225_10444113744162522922144284_15_Front
47.54605540711574,45.75548584206344,output_Construct_Both/exp20/agricultural|NONE2|0|-|-|-|-|-|FRONT|20|400|NSGAII/results/AGRICULTURAL_NSGAII_131225_10444113744162522922144284_15_Front
16.551821122205038,87.07765773587688,output_Construct_Both/exp20/agricultural|NONE2|0|-|-|-|-|-|FRONT|20|400|NSGAII/results/AGRICULTURAL_NSGAII_131225_10444113744162522922144284_15_Front
40.13500210940797,52.21604265810447,output_Construct_Both/exp20/agricultural|NONE2|0|-|-|-|-|-|FRONT|20|400|NSGAII/results/AGRICULTURAL_NSGAII_131225_10444113744162522922144284_15_Front
33.525523836309944,62.235536953156355,output_Construct_Both/exp20/agricultural|NONE2|0|-|-|-|-|-|FRONT|20|400|NSGAII/results/AGRICULTURAL_NSGAII_131225_10444113744162522922144284_15_Front
1.0125158205597096,99.08098323326807,output_Construct_Both/exp20/agricultural|NONE2|0|-|-|-|-|-|FRONT|20|400|NSGAII/results/AGRICULTURAL_NSGAII_131225_1044488358279893932382912_16_Front
74.20897201518774,21.73409126278801,output_Construct_Both/exp20/agricultural|NONE2|0|-|-|-|-|-|FRONT|20|400|NSGAII/results/AGRICULTURAL_NSGAII_131225_1044488358279893932382912_16_Front
63.46505414147096,29.703817769295682,output_Construct_Both/exp20/agricultural|NONE2|0|-|-|-|-|-|FRONT|20|400|NSGAII/results/AGRICULTURAL_NSGAII_131225_1044488358279893932382912_16_Front
33.525523836309944,62.235536953156355,output_Construct_Both/exp20/agricultural|NONE2|0|-|-|-|-|-|FRONT|20|400|NSGAII/results/AGRICULTURAL_NSGAII_131225_1044488358279893932382912_16_Front
16.551821122205038,87.07765773587688,output_Construct_Both/exp20/agricultural|NONE2|0|-|-|-|-|-|FRONT|20|400|NSGAII/results/AGRICULTURAL_NSGAII_131225_1044488358279893932382912_16_Front
40.641260019687806,51.600088461506964,output_Construct_Both/exp20/agricultural|NONE2|0|-|-|-|-|-|FRONT|20|400|NSGAII/results/AGRICULTURAL_NSGAII_131225_1044488358279893932382912_16_Front
47.08198565602588,46.36038235029118,output_Construct_Both/exp20/agricultural|NONE2|0|-|-|-|-|-|FRONT|20|400|NSGAII/results/AGRICULTURAL_NSGAII_131225_1044488358279893932382912_16_Front
47.54605540711574,45.75548584206344,output_Construct_Both/exp20/agricultural|NONE2|0|-|-|-|-|-|FRONT|20|400|NSGAII/results/AGRICULTURAL_NSGAII_131225_1044488358279893932382912_16_Front
74.20897201518774,21.73409126278801,output_Construct_Both/exp20/agricultural|NONE2|0|-|-|-|-|-|FRONT|20|400|NSGAII/results/AGRICULTURAL_NSGAII_131225_10445315701129397428020865_17_Front
63.46505414147096,29.703817769295682,output_Construct_Both/exp20/agricultural|NONE2|0|-|-|-|-|-|FRONT|20|400|NSGAII/results/AGRICULTURAL_NSGAII_131225_10445315701129397428020865_17_Front
16.551821122205038,87.07765773587688,output_Construct_Both/exp20/agricultural|NONE2|0|-|-|-|-|-|FRONT|20|400|NSGAII/results/AGRICULTURAL_NSGAII_131225_10445315701129397428020865_17_Front
36.844325692588946,60.81032378549723,output_Construct_Both/exp20/agricultural|NONE2|0|-|-|-|-|-|FRONT|20|400|NSGAII/results/AGRICULTURAL_NSGAII_131225_10445315701129397428020865_17_Front
47.08198565602588,46.36038235029118,output_Construct_Both/exp20/agricultural|NONE2|0|-|-|-|-|-|FRONT|20|400|NSGAII/results/AGRICULTURAL_NSGAII_131225_10445315701129397428020865_17_Front
41.04907889185769,51.35067615716661,output_Construct_Both/exp20/agricultural|NONE2|0|-|-|-|-|-|FRONT|20|400|NSGAII/results/AGRICULTURAL_NSGAII_131225_10445315701129397428020865_17_Front
40.641260019687806,51.600088461506964,output_Construct_Both/exp20/agricultural|NONE2|0|-|-|-|-|-|FRONT|20|400|NSGAII/results/AGRICULTURAL_NSGAII_131225_10445315701129397428020865_17_Front
33.525523836309944,62.235536953156355,output_Construct_Both/exp20/agricultural|NONE2|0|-|-|-|-|-|FRONT|20|400|NSGAII/results/AGRICULTURAL_NSGAII_131225_10445315701129397428020865_17_Front
74.20897201518774,21.73409126278801,output_Construct_Both/exp20/agricultural|NONE2|0|-|-|-|-|-|FRONT|20|400|NSGAII/results/AGRICULTURAL_NSGAII_131225_10445916725791713003522743_18_Front
57.62902545352271,41.062111445117,output_Construct_Both/exp20/agricultural|NONE2|0|-|-|-|-|-|FRONT|20|400|NSGAII/results/AGRICULTURAL_NSGAII_131225_10445916725791713003522743_18_Front
16.551821122205038,87.07765773587688,output_Construct_Both/exp20/agricultural|NONE2|0|-|-|-|-|-|FRONT|20|400|NSGAII/results/AGRICULTURAL_NSGAII_131225_10445916725791713003522743_18_Front
47.08198565602588,46.36038235029118,output_Construct_Both/exp20/agricultural|NONE2|0|-|-|-|-|-|FRONT|20|400|NSGAII/results/AGRICULTURAL_NSGAII_131225_10445916725791713003522743_18_Front
63.46505414147096,29.703817769295682,output_Construct_Both/exp20/agricultural|NONE2|0|-|-|-|-|-|FRONT|20|400|NSGAII/results/AGRICULTURAL_NSGAII_131225_10445916725791713003522743_18_Front
33.525523836309944,62.235536953156355,output_Construct_Both/exp20/agricultural|NONE2|0|-|-|-|-|-|FRONT|20|400|NSGAII/results/AGRICULTURAL_NSGAII_131225_10445916725791713003522743_18_Front
23.090985796653072,73.21459287229598,output_Construct_Both/exp20/agricultural|NONE2|0|-|-|-|-|-|FRONT|20|400|NSGAII/results/AGRICULTURAL_NSGAII_131225_10445916725791713003522743_18_Front
74.20897201518774,21.73409126278801,output_Construct_Both/exp20/agricultural|NONE2|0|-|-|-|-|-|FRONT|20|400|NSGAII/results/AGRICULTURAL_NSGAII_131225_10450416424547571013199753_19_Front
57.62902545352271,41.062111445117,output_Construct_Both/exp20/agricultural|NONE2|0|-|-|-|-|-|FRONT|20|400|NSGAII/results/AGRICULTURAL_NSGAII_131225_10450416424547571013199753_19_Front
33.525523836309944,62.235536953156355,output_Construct_Both/exp20/agricultural|NONE2|0|-|-|-|-|-|FRONT|20|400|NSGAII/results/AGRICULTURAL_NSGAII_131225_10450416424547571013199753_19_Front
16.551821122205038,87.07765773587688,output_Construct_Both/exp20/agricultural|NONE2|0|-|-|-|-|-|FRONT|20|400|NSGAII/results/AGRICULTURAL_NSGAII_131225_10450416424547571013199753_19_Front
63.46505414147096,29.703817769295682,output_Construct_Both/exp20/agricultural|NONE2|0|-|-|-|-|-|FRONT|20|400|NSGAII/results/AGRICULTURAL_NSGAII_131225_10450416424547571013199753_19_Front
25.00351567993251,69.39231859247914,output_Construct_Both/exp20/agricultural|NONE2|0|-|-|-|-|-|FRONT|20|400|NSGAII/results/AGRICULTURAL_NSGAII_131225_10450416424547571013199753_19_Front
23.090985796653072,73.21459287229598,output_Construct_Both/exp20/agricultural|NONE2|0|-|-|-|-|-|FRONT|20|400|NSGAII/results/AGRICULTURAL_NSGAII_131225_10450416424547571013199753_19_Front
47.54605540711574,45.75548584206344,output_Construct_Both/exp20/agricultural|NONE2|0|-|-|-|-|-|FRONT|20|400|NSGAII/results/AGRICULTURAL_NSGAII_131225_10450416424547571013199753_19_Front
74.20897201518774,21.73409126278801,output_Construct_Both/exp20/agricultural|NONE2|0|-|-|-|-|-|FRONT|20|400|NSGAII/results/AGRICULTURAL_NSGAII_131225_10451016153846522479413422_20_Front
33.525523836309944,62.235536953156355,output_Construct_Both/exp20/agricultural|NONE2|0|-|-|-|-|-|FRONT|20|400|NSGAII/results/AGRICULTURAL_NSGAII_131225_10451016153846522479413422_20_Front
16.551821122205038,87.07765773587688,output_Construct_Both/exp20/agricultural|NONE2|0|-|-|-|-|-|FRONT|20|400|NSGAII/results/AGRICULTURAL_NSGAII_131225_10451016153846522479413422_20_Front
60.202503164111945,39.636488733444196,output_Construct_Both/exp20/agricultural|NONE2|0|-|-|-|-|-|FRONT|20|400|NSGAII/results/AGRICULTURAL_NSGAII_131225_10451016153846522479413422_20_Front
12.586134158346226,88.50328044754973,output_Construct_Both/exp20/agricultural|NONE2|0|-|-|-|-|-|FRONT|20|400|NSGAII/results/AGRICULTURAL_NSGAII_131225_10451016153846522479413422_20_Front
63.46505414147096,29.703817769295682,output_Construct_Both/exp20/agricultural|NONE2|0|-|-|-|-|-|FRONT|20|400|NSGAII/results/AGRICULTURAL_NSGAII_131225_10451016153846522479413422_20_Front
47.54605540711574,45.75548584206344,output_Construct_Both/exp20/agricultural|NONE2|0|-|-|-|-|-|FRONT|20|400|NSGAII/results/AGRICULTURAL_NSGAII_131225_10451016153846522479413422_20_Front
30.23484741949094,64.29800060612514,output_Construct_Both/exp20/agricultural|NONE2|0|-|-|-|-|-|FRONT|20|400|NSGAII/results/AGRICULTURAL_NSGAII_131225_10451016153846522479413422_20_Front
3.754746167908881,94.71852039938736,output_Construct_Both/exp20/agricultural|NONE2|0|-|-|-|-|-|FRONT|20|400|NSGAII/results/AGRICULTURAL_NSGAII_131225_10451016153846522479413422_20_Front
29.672338630291108,64.92050750694177,output_Construct_Both/exp20/agricultural|Random|25|-|-|-|-|-|FRONT|20|400|NSGAII/results/AGRICULTURAL_NSGAII_131225_10484712189293459459711628_1_Front
1.181268457319656,98.3896729381507,output_Construct_Both/exp20/agricultural|Random|25|-|-|-|-|-|FRONT|20|400|NSGAII/results/AGRICULTURAL_NSGAII_131225_10484712189293459459711628_1_Front
0.14062719729995793,99.77597942450876,output_Construct_Both/exp20/agricultural|Random|25|-|-|-|-|-|FRONT|20|400|NSGAII/results/AGRICULTURAL_NSGAII_131225_10484712189293459459711628_1_Front
29.672338630291108,64.92050750694177,output_Construct_Both/exp20/agricultural|Random|25|-|-|-|-|-|FRONT|20|400|NSGAII/results/AGRICULTURAL_NSGAII_131225_1048579823094005040706234_2_Front
1.181268457319656,98.3896729381507,output_Construct_Both/exp20/agricultural|Random|25|-|-|-|-|-|FRONT|20|400|NSGAII/results/AGRICULTURAL_NSGAII_131225_1048579823094005040706234_2_Front
0.14062719729995793,99.77597942450876,output_Construct_Both/exp20/agricultural|Random|25|-|-|-|-|-|FRONT|20|400|NSGAII/results/AGRICULTURAL_NSGAII_131225_1048579823094005040706234_2_Front
31.06454788356069,63.90770516107365,output_Construct_Both/exp20/agricultural|Random|25|-|-|-|-|-|FRONT|20|400|NSGAII/results/AGRICULTURAL_NSGAII_131225_1048579823094005040706234_2_Front
9.604837575587123,89.77696233014161,output_Construct_Both/exp20/agricultural|Random|25|-|-|-|-|-|FRONT|20|400|NSGAII/results/AGRICULTURAL_NSGAII_131225_1048579823094005040706234_2_Front
0.14062719729995793,99.77597942450876,output_Construct_Both/exp20/agricultural|Random|25|-|-|-|-|-|FRONT|20|400|NSGAII/results/AGRICULTURAL_NSGAII_131225_1049054961693881556131174_3_Front
24.244128814512724,72.09448999483973,output_Construct_Both/exp20/agricultural|Random|25|-|-|-|-|-|FRONT|20|400|NSGAII/results/AGRICULTURAL_NSGAII_131225_1049054961693881556131174_3_Front
9.604837575587123,89.77696233014161,output_Construct_Both/exp20/agricultural|Random|25|-|-|-|-|-|FRONT|20|400|NSGAII/results/AGRICULTURAL_NSGAII_131225_1049054961693881556131174_3_Front
31.06454788356069,63.90770516107365,output_Construct_Both/exp20/agricultural|Random|25|-|-|-|-|-|FRONT|20|400|NSGAII/results/AGRICULTURAL_NSGAII_131225_1049054961693881556131174_3_Front
3.7688088876388757,94.71770131135993,output_Construct_Both/exp20/agricultural|Random|25|-|-|-|-|-|FRONT|20|400|NSGAII/results/AGRICULTURAL_NSGAII_131225_1049054961693881556131174_3_Front
1.181268457319656,98.3896729381507,output_Construct_Both/exp20/agricultural|Random|25|-|-|-|-|-|FRONT|20|400|NSGAII/results/AGRICULTURAL_NSGAII_131225_1049054961693881556131174_3_Front
29.672338630291108,64.92050750694177,output_Construct_Both/exp20/agricultural|Random|25|-|-|-|-|-|FRONT|20|400|NSGAII/results/AGRICULTURAL_NSGAII_131225_1049054961693881556131174_3_Front
0.14062719729995793,99.77597942450876,output_Construct_Both/exp20/agricultural|Random|25|-|-|-|-|-|FRONT|20|400|NSGAII/results/AGRICULTURAL_NSGAII_131225_10491811524860343262859590_4_Front
24.244128814512724,72.09448999483973,output_Construct_Both/exp20/agricultural|Random|25|-|-|-|-|-|FRONT|20|400|NSGAII/results/AGRICULTURAL_NSGAII_131225_10491811524860343262859590_4_Front
55.73055828997329,42.26780902143554,output_Construct_Both/exp20/agricultural|Random|25|-|-|-|-|-|FRONT|20|400|NSGAII/results/AGRICULTURAL_NSGAII_131225_10491811524860343262859590_4_Front
9.604837575587123,89.77696233014161,output_Construct_Both/exp20/agricultural|Random|25|-|-|-|-|-|FRONT|20|400|NSGAII/results/AGRICULTURAL_NSGAII_131225_10491811524860343262859590_4_Front
31.06454788356069,63.90770516107365,output_Construct_Both/exp20/agricultural|Random|25|-|-|-|-|-|FRONT|20|400|NSGAII/results/AGRICULTURAL_NSGAII_131225_10491811524860343262859590_4_Front
1.181268457319656,98.3896729381507,output_Construct_Both/exp20/agricultural|Random|25|-|-|-|-|-|FRONT|20|400|NSGAII/results/AGRICULTURAL_NSGAII_131225_10491811524860343262859590_4_Front
0.14062719729995793,99.77597942450876,output_Construct_Both/exp20/agricultural|Random|25|-|-|-|-|-|FRONT|20|400|NSGAII/results/AGRICULTURAL_NSGAII_131225_1049227888762984135017778_5_Front
55.73055828997329,42.26780902143554,output_Construct_Both/exp20/agricultural|Random|25|-|-|-|-|-|FRONT|20|400|NSGAII/results/AGRICULTURAL_NSGAII_131225_1049227888762984135017778_5_Front
9.604837575587123,89.77696233014161,output_Construct_Both/exp20/agricultural|Random|25|-|-|-|-|-|FRONT|20|400|NSGAII/results/AGRICULTURAL_NSGAII_131225_1049227888762984135017778_5_Front
24.244128814512724,72.09448999483973,output_Construct_Both/exp20/agricultural|Random|25|-|-|-|-|-|FRONT|20|400|NSGAII/results/AGRICULTURAL_NSGAII_131225_1049227888762984135017778_5_Front
1.181268457319656,98.3896729381507,output_Construct_Both/exp20/agricultural|Random|25|-|-|-|-|-|FRONT|20|400|NSGAII/results/AGRICULTURAL_NSGAII_131225_1049227888762984135017778_5_Front
31.06454788356069,63.90770516107365,output_Construct_Both/exp20/agricultural|Random|25|-|-|-|-|-|FRONT|20|400|NSGAII/results/AGRICULTURAL_NSGAII_131225_1049227888762984135017778_5_Front
8.704823512867398,90.93351462481671,output_Construct_Both/exp20/agricultural|Random|25|-|-|-|-|-|FRONT|20|400|NSGAII/results/AGRICULTURAL_NSGAII_131225_1049227888762984135017778_5_Front
0.14062719729995793,99.77597942450876,output_Construct_Both/exp20/agricultural|Random|25|-|-|-|-|-|FRONT|20|400|NSGAII/results/AGRICULTURAL_NSGAII_131225_10493415992405918123502899_6_Front
55.73055828997329,42.26780902143554,output_Construct_Both/exp20/agricultural|Random|25|-|-|-|-|-|FRONT|20|400|NSGAII/results/AGRICULTURAL_NSGAII_131225_10493415992405918123502899_6_Front
64.18225284770074,28.941246815795314,output_Construct_Both/exp20/agricultural|Random|25|-|-|-|-|-|FRONT|20|400|NSGAII/results/AGRICULTURAL_NSGAII_131225_10493415992405918123502899_6_Front
9.604837575587123,89.77696233014161,output_Construct_Both/exp20/agricultural|Random|25|-|-|-|-|-|FRONT|20|400|NSGAII/results/AGRICULTURAL_NSGAII_131225_10493415992405918123502899_6_Front
24.244128814512724,72.09448999483973,output_Construct_Both/exp20/agricultural|Random|25|-|-|-|-|-|FRONT|20|400|NSGAII/results/AGRICULTURAL_NSGAII_131225_10493415992405918123502899_6_Front
3.7688088876388757,94.71770131135993,output_Construct_Both/exp20/agricultural|Random|25|-|-|-|-|-|FRONT|20|400|NSGAII/results/AGRICULTURAL_NSGAII_131225_10493415992405918123502899_6_Front
31.06454788356069,63.90770516107365,output_Construct_Both/exp20/agricultural|Random|25|-|-|-|-|-|FRONT|20|400|NSGAII/results/AGRICULTURAL_NSGAII_131225_10493415992405918123502899_6_Front
0.14062719729995793,99.77597942450876,output_Construct_Both/exp20/agricultural|Random|25|-|-|-|-|-|FRONT|20|400|NSGAII/results/AGRICULTURAL_NSGAII_131225_1049399183623149112231460_7_Front
64.18225284770074,28.941246815795314,output_Construct_Both/exp20/agricultural|Random|25|-|-|-|-|-|FRONT|20|400|NSGAII/results/AGRICULTURAL_NSGAII_131225_1049399183623149112231460_7_Front
10.617353396146816,89.37929509284363,output_Construct_Both/exp20/agricultural|Random|25|-|-|-|-|-|FRONT|20|400|NSGAII/results/AGRICULTURAL_NSGAII_131225_1049399183623149112231460_7_Front
55.74462100970329,42.26084677320273,output_Construct_Both/exp20/agricultural|Random|25|-|-|-|-|-|FRONT|20|400|NSGAII/results/AGRICULTURAL_NSGAII_131225_1049399183623149112231460_7_Front
3.7688088876388757,94.71770131135993,output_Construct_Both/exp20/agricultural|Random|25|-|-|-|-|-|FRONT|20|400|NSGAII/results/AGRICULTURAL_NSGAII_131225_1049399183623149112231460_7_Front
31.06454788356069,63.90770516107365,output_Construct_Both/exp20/agricultural|Random|25|-|-|-|-|-|FRONT|20|400|NSGAII/results/AGRICULTURAL_NSGAII_131225_1049399183623149112231460_7_Front
24.244128814512724,72.09448999483973,output_Construct_Both/exp20/agricultural|Random|25|-|-|-|-|-|FRONT|20|400|NSGAII/results/AGRICULTURAL_NSGAII_131225_1049399183623149112231460_7_Front
41.288145127267626,50.94195123149886,output_Construct_Both/exp20/agricultural|Random|25|-|-|-|-|-|FRONT|20|400|NSGAII/results/AGRICULTURAL_NSGAII_131225_1049399183623149112231460_7_Front
2.0390943608493974,97.8871624333467,output_Construct_Both/exp20/agricultural|Random|25|-|-|-|-|-|FRONT|20|400|NSGAII/results/AGRICULTURAL_NSGAII_131225_1049399183623149112231460_7_Front
9.604837575587123,89.77696233014161,output_Construct_Both/exp20/agricultural|Random|25|-|-|-|-|-|FRONT|20|400|NSGAII/results/AGRICULTURAL_NSGAII_131225_1049399183623149112231460_7_Front
0.14062719729995793,99.77597942450876,output_Construct_Both/exp20/agricultural|Random|25|-|-|-|-|-|FRONT|20|400|NSGAII/results/AGRICULTURAL_NSGAII_131225_1049458361481901075208684_8_Front
64.18225284770074,28.941246815795314,output_Construct_Both/exp20/agricultural|Random|25|-|-|-|-|-|FRONT|20|400|NSGAII/results/AGRICULTURAL_NSGAII_131225_1049458361481901075208684_8_Front
10.617353396146816,89.37929509284363,output_Construct_Both/exp20/agricultural|Random|25|-|-|-|-|-|FRONT|20|400|NSGAII/results/AGRICULTURAL_NSGAII_131225_1049458361481901075208684_8_Front
55.74462100970329,42.26084677320273,output_Construct_Both/exp20/agricultural|Random|25|-|-|-|-|-|FRONT|20|400|NSGAII/results/AGRICULTURAL_NSGAII_131225_1049458361481901075208684_8_Front
64.19631556743074,28.934284567562468,output_Construct_Both/exp20/agricultural|Random|25|-|-|-|-|-|FRONT|20|400|NSGAII/results/AGRICULTURAL_NSGAII_131225_1049458361481901075208684_8_Front
41.288145127267626,50.94195123149886,output_Construct_Both/exp20/agricultural|Random|25|-|-|-|-|-|FRONT|20|400|NSGAII/results/AGRICULTURAL_NSGAII_131225_1049458361481901075208684_8_Front
3.7688088876388757,94.71770131135993,output_Construct_Both/exp20/agricultural|Random|25|-|-|-|-|-|FRONT|20|400|NSGAII/results/AGRICULTURAL_NSGAII_131225_1049458361481901075208684_8_Front
24.244128814512724,72.09448999483973,output_Construct_Both/exp20/agricultural|Random|25|-|-|-|-|-|FRONT|20|400|NSGAII/results/AGRICULTURAL_NSGAII_131225_1049458361481901075208684_8_Front
0.14062719729995793,99.77597942450876,output_Construct_Both/exp20/agricultural|Random|25|-|-|-|-|-|FRONT|20|400|NSGAII/results/AGRICULTURAL_NSGAII_131225_104950447810232597366831_9_Front
64.18225284770074,28.941246815795314,output_Construct_Both/exp20/agricultural|Random|25|-|-|-|-|-|FRONT|20|400|NSGAII/results/AGRICULTURAL_NSGAII_131225_104950447810232597366831_9_Front
10.617353396146816,89.37929509284363,output_Construct_Both/exp20/agricultural|Random|25|-|-|-|-|-|FRONT|20|400|NSGAII/results/AGRICULTURAL_NSGAII_131225_104950447810232597366831_9_Front
55.74462100970329,42.26084677320273,output_Construct_Both/exp20/agricultural|Random|25|-|-|-|-|-|FRONT|20|400|NSGAII/results/AGRICULTURAL_NSGAII_131225_104950447810232597366831_9_Front
64.19631556743074,28.934284567562468,output_Construct_Both/exp20/agricultural|Random|25|-|-|-|-|-|FRONT|20|400|NSGAII/results/AGRICULTURAL_NSGAII_131225_104950447810232597366831_9_Front
41.288145127267626,50.94195123149886,output_Construct_Both/exp20/agricultural|Random|25|-|-|-|-|-|FRONT|20|400|NSGAII/results/AGRICULTURAL_NSGAII_131225_104950447810232597366831_9_Front
2.587540430319235,97.52307780517174,output_Construct_Both/exp20/agricultural|Random|25|-|-|-|-|-|FRONT|20|400|NSGAII/results/AGRICULTURAL_NSGAII_131225_104950447810232597366831_9_Front
31.06454788356069,63.90770516107365,output_Construct_Both/exp20/agricultural|Random|25|-|-|-|-|-|FRONT|20|400|NSGAII/results/AGRICULTURAL_NSGAII_131225_104950447810232597366831_9_Front
0.14062719729995793,99.77597942450876,output_Construct_Both/exp20/agricultural|Random|25|-|-|-|-|-|FRONT|20|400|NSGAII/results/AGRICULTURAL_NSGAII_131225_1049547550970219854116652_10_Front
41.288145127267626,50.94195123149886,output_Construct_Both/exp20/agricultural|Random|25|-|-|-|-|-|FRONT|20|400|NSGAII/results/AGRICULTURAL_NSGAII_131225_1049547550970219854116652_10_Front
64.18225284770074,28.941246815795314,output_Construct_Both/exp20/agricultural|Random|25|-|-|-|-|-|FRONT|20|400|NSGAII/results/AGRICULTURAL_NSGAII_131225_1049547550970219854116652_10_Front
10.617353396146816,89.37929509284363,output_Construct_Both/exp20/agricultural|Random|25|-|-|-|-|-|FRONT|20|400|NSGAII/results/AGRICULTURAL_NSGAII_131225_1049547550970219854116652_10_Front
55.74462100970329,42.26084677320273,output_Construct_Both/exp20/agricultural|Random|25|-|-|-|-|-|FRONT|20|400|NSGAII/results/AGRICULTURAL_NSGAII_131225_1049547550970219854116652_10_Front
64.19631556743074,28.934284567562468,output_Construct_Both/exp20/agricultural|Random|25|-|-|-|-|-|FRONT|20|400|NSGAII/results/AGRICULTURAL_NSGAII_131225_1049547550970219854116652_10_Front
24.31444241316271,72.05148787340175,output_Construct_Both/exp20/agricultural|Random|25|-|-|-|-|-|FRONT|20|400|NSGAII/results/AGRICULTURAL_NSGAII_131225_1049547550970219854116652_10_Front
2.587540430319235,97.52307780517174,output_Construct_Both/exp20/agricultural|Random|25|-|-|-|-|-|FRONT|20|400|NSGAII/results/AGRICULTURAL_NSGAII_131225_1049547550970219854116652_10_Front
0.14062719729995793,99.77597942450876,output_Construct_Both/exp20/agricultural|Random|25|-|-|-|-|-|FRONT|20|400|NSGAII/results/AGRICULTURAL_NSGAII_131225_10500113837083421172074703_11_Front
10.617353396146816,89.37929509284363,output_Construct_Both/exp20/agricultural|Random|25|-|-|-|-|-|FRONT|20|400|NSGAII/results/AGRICULTURAL_NSGAII_131225_10500113837083421172074703_11_Front
55.74462100970329,42.26084677320273,output_Construct_Both/exp20/agricultural|Random|25|-|-|-|-|-|FRONT|20|400|NSGAII/results/AGRICULTURAL_NSGAII_131225_10500113837083421172074703_11_Front
31.06454788356069,63.90770516107365,output_Construct_Both/exp20/agricultural|Random|25|-|-|-|-|-|FRONT|20|400|NSGAII/results/AGRICULTURAL_NSGAII_131225_10500113837083421172074703_11_Front
64.19631556743074,28.934284567562468,output_Construct_Both/exp20/agricultural|Random|25|-|-|-|-|-|FRONT|20|400|NSGAII/results/AGRICULTURAL_NSGAII_131225_10500113837083421172074703_11_Front
41.288145127267626,50.94195123149886,output_Construct_Both/exp20/agricultural|Random|25|-|-|-|-|-|FRONT|20|400|NSGAII/results/AGRICULTURAL_NSGAII_131225_10500113837083421172074703_11_Front
64.18225284770074,28.941246815795314,output_Construct_Both/exp20/agricultural|Random|25|-|-|-|-|-|FRONT|20|400|NSGAII/results/AGRICULTURAL_NSGAII_131225_10500113837083421172074703_11_Front
2.587540430319235,97.52307780517174,output_Construct_Both/exp20/agricultural|Random|25|-|-|-|-|-|FRONT|20|400|NSGAII/results/AGRICULTURAL_NSGAII_131225_10500113837083421172074703_11_Front
0.14062719729995793,99.77597942450876,output_Construct_Both/exp20/agricultural|Random|25|-|-|-|-|-|FRONT|20|400|NSGAII/results/AGRICULTURAL_NSGAII_131225_10500910573423780872518952_12_Front
41.288145127267626,50.94195123149886,output_Construct_Both/exp20/agricultural|Random|25|-|-|-|-|-|FRONT|20|400|NSGAII/results/AGRICULTURAL_NSGAII_131225_10500910573423780872518952_12_Front
63.633806778230905,29.301645547847023,output_Construct_Both/exp20/agricultural|Random|25|-|-|-|-|-|FRONT|20|400|NSGAII/results/AGRICULTURAL_NSGAII_131225_10500910573423780872518952_12_Front
10.617353396146816,89.37929509284363,output_Construct_Both/exp20/agricultural|Random|25|-|-|-|-|-|FRONT|20|400|NSGAII/results/AGRICULTURAL_NSGAII_131225_10500910573423780872518952_12_Front
31.06454788356069,63.90770516107365,output_Construct_Both/exp20/agricultural|Random|25|-|-|-|-|-|FRONT|20|400|NSGAII/results/AGRICULTURAL_NSGAII_131225_10500910573423780872518952_12_Front
64.19631556743074,28.934284567562468,output_Construct_Both/exp20/agricultural|Random|25|-|-|-|-|-|FRONT|20|400|NSGAII/results/AGRICULTURAL_NSGAII_131225_10500910573423780872518952_12_Front
55.74462100970329,42.26084677320273,output_Construct_Both/exp20/agricultural|Random|25|-|-|-|-|-|FRONT|20|400|NSGAII/results/AGRICULTURAL_NSGAII_131225_10500910573423780872518952_12_Front
24.31444241316271,72.05148787340175,output_Construct_Both/exp20/agricultural|Random|25|-|-|-|-|-|FRONT|20|400|NSGAII/results/AGRICULTURAL_NSGAII_131225_10500910573423780872518952_12_Front
2.587540430319235,97.52307780517174,output_Construct_Both/exp20/agricultural|Random|25|-|-|-|-|-|FRONT|20|400|NSGAII/results/AGRICULTURAL_NSGAII_131225_10500910573423780872518952_12_Front
0.14062719729995793,99.77597942450876,output_Construct_Both/exp20/agricultural|Random|25|-|-|-|-|-|FRONT|20|400|NSGAII/results/AGRICULTURAL_NSGAII_131225_1050149247791746254536566_13_Front
41.288145127267626,50.94195123149886,output_Construct_Both/exp20/agricultural|Random|25|-|-|-|-|-|FRONT|20|400|NSGAII/results/AGRICULTURAL_NSGAII_131225_1050149247791746254536566_13_Front
10.617353396146816,89.37929509284363,output_Construct_Both/exp20/agricultural|Random|25|-|-|-|-|-|FRONT|20|400|NSGAII/results/AGRICULTURAL_NSGAII_131225_1050149247791746254536566_13_Front
2.587540430319235,97.52307780517174,output_Construct_Both/exp20/agricultural|Random|25|-|-|-|-|-|FRONT|20|400|NSGAII/results/AGRICULTURAL_NSGAII_131225_1050149247791746254536566_13_Front
63.633806778230905,29.301645547847023,output_Construct_Both/exp20/agricultural|Random|25|-|-|-|-|-|FRONT|20|400|NSGAII/results/AGRICULTURAL_NSGAII_131225_1050149247791746254536566_13_Front
55.74462100970329,42.26084677320273,output_Construct_Both/exp20/agricultural|Random|25|-|-|-|-|-|FRONT|20|400|NSGAII/results/AGRICULTURAL_NSGAII_131225_1050149247791746254536566_13_Front
24.31444241316271,72.05148787340175,output_Construct_Both/exp20/agricultural|Random|25|-|-|-|-|-|FRONT|20|400|NSGAII/results/AGRICULTURAL_NSGAII_131225_1050149247791746254536566_13_Front
31.06454788356069,63.90770516107365,output_Construct_Both/exp20/agricultural|Random|25|-|-|-|-|-|FRONT|20|400|NSGAII/results/AGRICULTURAL_NSGAII_131225_1050149247791746254536566_13_Front
64.23850372662073,28.89742560632993,output_Construct_Both/exp20/agricultural|Random|25|-|-|-|-|-|FRONT|20|400|NSGAII/results/AGRICULTURAL_NSGAII_131225_1050149247791746254536566_13_Front
27.141049078891864,67.64397519801453,output_Construct_Both/exp20/agricultural|Random|25|-|-|-|-|-|FRONT|20|400|NSGAII/results/AGRICULTURAL_NSGAII_131225_1050149247791746254536566_13_Front
0.14062719729995793,99.77597942450876,output_Construct_Both/exp20/agricultural|Random|25|-|-|-|-|-|FRONT|20|400|NSGAII/results/AGRICULTURAL_NSGAII_131225_1050203226218382743225428_14_Front
5.132892701448473,93.85151572239468,output_Construct_Both/exp20/agricultural|Random|25|-|-|-|-|-|FRONT|20|400|NSGAII/results/AGRICULTURAL_NSGAII_131225_1050203226218382743225428_14_Front
27.141049078891864,67.64397519801453,output_Construct_Both/exp20/agricultural|Random|25|-|-|-|-|-|FRONT|20|400|NSGAII/results/AGRICULTURAL_NSGAII_131225_1050203226218382743225428_14_Front
55.74462100970329,42.26084677320273,output_Construct_Both/exp20/agricultural|Random|25|-|-|-|-|-|FRONT|20|400|NSGAII/results/AGRICULTURAL_NSGAII_131225_1050203226218382743225428_14_Front
24.31444241316271,72.05148787340175,output_Construct_Both/exp20/agricultural|Random|25|-|-|-|-|-|FRONT|20|400|NSGAII/results/AGRICULTURAL_NSGAII_131225_1050203226218382743225428_14_Front
63.633806778230905,29.301645547847023,output_Construct_Both/exp20/agricultural|Random|25|-|-|-|-|-|FRONT|20|400|NSGAII/results/AGRICULTURAL_NSGAII_131225_1050203226218382743225428_14_Front
31.078610603290684,63.89869519277238,output_Construct_Both/exp20/agricultural|Random|25|-|-|-|-|-|FRONT|20|400|NSGAII/results/AGRICULTURAL_NSGAII_131225_1050203226218382743225428_14_Front
10.617353396146816,89.37929509284363,output_Construct_Both/exp20/agricultural|Random|25|-|-|-|-|-|FRONT|20|400|NSGAII/results/AGRICULTURAL_NSGAII_131225_1050203226218382743225428_14_Front
0.14062719729995793,99.77597942450876,output_Construct_Both/exp20/agricultural|Random|25|-|-|-|-|-|FRONT|20|400|NSGAII/results/AGRICULTURAL_NSGAII_131225_1050278190205052733742143_15_Front
41.99128111376741,50.58810520366623,output_Construct_Both/exp20/agricultural|Random|25|-|-|-|-|-|FRONT|20|400|NSGAII/results/AGRICULTURAL_NSGAII_131225_1050278190205052733742143_15_Front
5.132892701448473,93.85151572239468,output_Construct_Both/exp20/agricultural|Random|25|-|-|-|-|-|FRONT|20|400|NSGAII/results/AGRICULTURAL_NSGAII_131225_1050278190205052733742143_15_Front
31.078610603290684,63.89869519277238,output_Construct_Both/exp20/agricultural|Random|25|-|-|-|-|-|FRONT|20|400|NSGAII/results/AGRICULTURAL_NSGAII_131225_1050278190205052733742143_15_Front
63.633806778230905,29.301645547847023,output_Construct_Both/exp20/agricultural|Random|25|-|-|-|-|-|FRONT|20|400|NSGAII/results/AGRICULTURAL_NSGAII_131225_1050278190205052733742143_15_Front
10.617353396146816,89.37929509284363,output_Construct_Both/exp20/agricultural|Random|25|-|-|-|-|-|FRONT|20|400|NSGAII/results/AGRICULTURAL_NSGAII_131225_1050278190205052733742143_15_Front
55.74462100970329,42.26084677320273,output_Construct_Both/exp20/agricultural|Random|25|-|-|-|-|-|FRONT|20|400|NSGAII/results/AGRICULTURAL_NSGAII_131225_1050278190205052733742143_15_Front
27.141049078891864,67.64397519801453,output_Construct_Both/exp20/agricultural|Random|25|-|-|-|-|-|FRONT|20|400|NSGAII/results/AGRICULTURAL_NSGAII_131225_1050278190205052733742143_15_Front
24.31444241316271,72.05148787340175,output_Construct_Both/exp20/agricultural|Random|25|-|-|-|-|-|FRONT|20|400|NSGAII/results/AGRICULTURAL_NSGAII_131225_1050278190205052733742143_15_Front
66.78385599774998,25.824616871575195,output_Construct_Both/exp20/agricultural|Random|25|-|-|-|-|-|FRONT|20|400|NSGAII/results/AGRICULTURAL_NSGAII_131225_1050278190205052733742143_15_Front
0.14062719729995793,99.77597942450876,output_Construct_Both/exp20/agricultural|Random|25|-|-|-|-|-|FRONT|20|400|NSGAII/results/AGRICULTURAL_NSGAII_131225_10503210654988604747939930_16_Front
55.74462100970329,42.26084677320273,output_Construct_Both/exp20/agricultural|Random|25|-|-|-|-|-|FRONT|20|400|NSGAII/results/AGRICULTURAL_NSGAII_131225_10503210654988604747939930_16_Front
41.99128111376741,50.58810520366623,output_Construct_Both/exp20/agricultural|Random|25|-|-|-|-|-|FRONT|20|400|NSGAII/results/AGRICULTURAL_NSGAII_131225_10503210654988604747939930_16_Front
27.141049078891864,67.64397519801453,output_Construct_Both/exp20/agricultural|Random|25|-|-|-|-|-|FRONT|20|400|NSGAII/results/AGRICULTURAL_NSGAII_131225_10503210654988604747939930_16_Front
63.633806778230905,29.301645547847023,output_Construct_Both/exp20/agricultural|Random|25|-|-|-|-|-|FRONT|20|400|NSGAII/results/AGRICULTURAL_NSGAII_131225_10503210654988604747939930_16_Front
24.31444241316271,72.05148787340175,output_Construct_Both/exp20/agricultural|Random|25|-|-|-|-|-|FRONT|20|400|NSGAII/results/AGRICULTURAL_NSGAII_131225_10503210654988604747939930_16_Front
31.078610603290684,63.89869519277238,output_Construct_Both/exp20/agricultural|Random|25|-|-|-|-|-|FRONT|20|400|NSGAII/results/AGRICULTURAL_NSGAII_131225_10503210654988604747939930_16_Front
10.617353396146816,89.37929509284363,output_Construct_Both/exp20/agricultural|Random|25|-|-|-|-|-|FRONT|20|400|NSGAII/results/AGRICULTURAL_NSGAII_131225_10503210654988604747939930_16_Front
5.625087891998317,93.58367393743808,output_Construct_Both/exp20/agricultural|Random|25|-|-|-|-|-|FRONT|20|400|NSGAII/results/AGRICULTURAL_NSGAII_131225_10503210654988604747939930_16_Front
66.78385599774998,25.824616871575195,output_Construct_Both/exp20/agricultural|Random|25|-|-|-|-|-|FRONT|20|400|NSGAII/results/AGRICULTURAL_NSGAII_131225_10503210654988604747939930_16_Front
0.14062719729995793,99.77597942450876,output_Construct_Both/exp20/agricultural|Random|25|-|-|-|-|-|FRONT|20|400|NSGAII/results/AGRICULTURAL_NSGAII_131225_1050381048487502017713255_17_Front
55.74462100970329,42.26084677320273,output_Construct_Both/exp20/agricultural|Random|25|-|-|-|-|-|FRONT|20|400|NSGAII/results/AGRICULTURAL_NSGAII_131225_1050381048487502017713255_17_Front
66.78385599774998,25.824616871575195,output_Construct_Both/exp20/agricultural|Random|25|-|-|-|-|-|FRONT|20|400|NSGAII/results/AGRICULTURAL_NSGAII_131225_1050381048487502017713255_17_Front
27.141049078891864,67.64397519801453,output_Construct_Both/exp20/agricultural|Random|25|-|-|-|-|-|FRONT|20|400|NSGAII/results/AGRICULTURAL_NSGAII_131225_1050381048487502017713255_17_Front
63.633806778230905,29.301645547847023,output_Construct_Both/exp20/agricultural|Random|25|-|-|-|-|-|FRONT|20|400|NSGAII/results/AGRICULTURAL_NSGAII_131225_1050381048487502017713255_17_Front
10.617353396146816,89.37929509284363,output_Construct_Both/exp20/agricultural|Random|25|-|-|-|-|-|FRONT|20|400|NSGAII/results/AGRICULTURAL_NSGAII_131225_1050381048487502017713255_17_Front
5.625087891998317,93.58367393743808,output_Construct_Both/exp20/agricultural|Random|25|-|-|-|-|-|FRONT|20|400|NSGAII/results/AGRICULTURAL_NSGAII_131225_1050381048487502017713255_17_Front
41.99128111376741,50.58810520366623,output_Construct_Both/exp20/agricultural|Random|25|-|-|-|-|-|FRONT|20|400|NSGAII/results/AGRICULTURAL_NSGAII_131225_1050381048487502017713255_17_Front
24.31444241316271,72.05148787340175,output_Construct_Both/exp20/agricultural|Random|25|-|-|-|-|-|FRONT|20|400|NSGAII/results/AGRICULTURAL_NSGAII_131225_1050381048487502017713255_17_Front
0.14062719729995793,99.77597942450876,output_Construct_Both/exp20/agricultural|Random|25|-|-|-|-|-|FRONT|20|400|NSGAII/results/AGRICULTURAL_NSGAII_131225_10504511773644299012258824_18_Front
10.617353396146816,89.37929509284363,output_Construct_Both/exp20/agricultural|Random|25|-|-|-|-|-|FRONT|20|400|NSGAII/results/AGRICULTURAL_NSGAII_131225_10504511773644299012258824_18_Front
55.74462100970329,42.26084677320273,output_Construct_Both/exp20/agricultural|Random|25|-|-|-|-|-|FRONT|20|400|NSGAII/results/AGRICULTURAL_NSGAII_131225_10504511773644299012258824_18_Front
31.06454788356069,63.90770516107365,output_Construct_Both/exp20/agricultural|Random|25|-|-|-|-|-|FRONT|20|400|NSGAII/results/AGRICULTURAL_NSGAII_131225_10504511773644299012258824_18_Front
66.78385599774998,25.824616871575195,output_Construct_Both/exp20/agricultural|Random|25|-|-|-|-|-|FRONT|20|400|NSGAII/results/AGRICULTURAL_NSGAII_131225_10504511773644299012258824_18_Front
63.633806778230905,29.301645547847023,output_Construct_Both/exp20/agricultural|Random|25|-|-|-|-|-|FRONT|20|400|NSGAII/results/AGRICULTURAL_NSGAII_131225_10504511773644299012258824_18_Front
41.99128111376741,50.58810520366623,output_Construct_Both/exp20/agricultural|Random|25|-|-|-|-|-|FRONT|20|400|NSGAII/results/AGRICULTURAL_NSGAII_131225_10504511773644299012258824_18_Front
0.14062719729995793,99.77597942450876,output_Construct_Both/exp20/agricultural|Random|25|-|-|-|-|-|FRONT|20|400|NSGAII/results/AGRICULTURAL_NSGAII_131225_10505418300759255911335258_19_Front
31.06454788356069,63.90770516107365,output_Construct_Both/exp20/agricultural|Random|25|-|-|-|-|-|FRONT|20|400|NSGAII/results/AGRICULTURAL_NSGAII_131225_10505418300759255911335258_19_Front
55.74462100970329,42.26084677320273,output_Construct_Both/exp20/agricultural|Random|25|-|-|-|-|-|FRONT|20|400|NSGAII/results/AGRICULTURAL_NSGAII_131225_10505418300759255911335258_19_Front
63.633806778230905,29.301645547847023,output_Construct_Both/exp20/agricultural|Random|25|-|-|-|-|-|FRONT|20|400|NSGAII/results/AGRICULTURAL_NSGAII_131225_10505418300759255911335258_19_Front
10.617353396146816,89.37929509284363,output_Construct_Both/exp20/agricultural|Random|25|-|-|-|-|-|FRONT|20|400|NSGAII/results/AGRICULTURAL_NSGAII_131225_10505418300759255911335258_19_Front
0.14062719729995793,99.77597942450876,output_Construct_Both/exp20/agricultural|Random|25|-|-|-|-|-|FRONT|20|400|NSGAII/results/AGRICULTURAL_NSGAII_131225_1051022026342296974928769_20_Front
23.13317395584307,73.1031969005709,output_Construct_Both/exp20/agricultural|Random|25|-|-|-|-|-|FRONT|20|400|NSGAII/results/AGRICULTURAL_NSGAII_131225_1051022026342296974928769_20_Front
59.97749964843202,40.01900284223545,output_Construct_Both/exp20/agricultural|Random|25|-|-|-|-|-|FRONT|20|400|NSGAII/results/AGRICULTURAL_NSGAII_131225_1051022026342296974928769_20_Front
66.0104064126002,27.876022836174215,output_Construct_Both/exp20/agricultural|Random|25|-|-|-|-|-|FRONT|20|400|NSGAII/results/AGRICULTURAL_NSGAII_131225_1051022026342296974928769_20_Front
31.06454788356069,63.90770516107365,output_Construct_Both/exp20/agricultural|Random|25|-|-|-|-|-|FRONT|20|400|NSGAII/results/AGRICULTURAL_NSGAII_131225_1051022026342296974928769_20_Front
10.617353396146816,89.37929509284363,output_Construct_Both/exp20/agricultural|Random|25|-|-|-|-|-|FRONT|20|400|NSGAII/results/AGRICULTURAL_NSGAII_131225_1051022026342296974928769_20_Front
63.633806778230905,29.301645547847023,output_Construct_Both/exp20/agricultural|Random|25|-|-|-|-|-|FRONT|20|400|NSGAII/results/AGRICULTURAL_NSGAII_131225_1051022026342296974928769_20_Front
55.74462100970329,42.26084677320273,output_Construct_Both/exp20/agricultural|Random|25|-|-|-|-|-|FRONT|20|400|NSGAII/results/AGRICULTURAL_NSGAII_131225_1051022026342296974928769_20_Front
31.06454788356069,63.90770516107365,output_Construct_Both/exp20/agricultural|KMeans|25|1000|Euclidean|-|-|-|FRONT|20|400|NSGAII/results/AGRICULTURAL_NSGAII_131225_1054082014940263734992353_1_Front
31.06454788356069,63.90770516107365,output_Construct_Both/exp20/agricultural|KMeans|25|1000|Euclidean|-|-|-|FRONT|20|400|NSGAII/results/AGRICULTURAL_NSGAII_131225_1054157174418260228876038_2_Front
31.06454788356069,63.90770516107365,output_Construct_Both/exp20/agricultural|KMeans|25|1000|Euclidean|-|-|-|FRONT|20|400|NSGAII/results/AGRICULTURAL_NSGAII_131225_1054283070741854154532694_3_Front
26.466038531852064,68.37992579062472,output_Construct_Both/exp20/agricultural|KMeans|25|1000|Euclidean|-|-|-|FRONT|20|400|NSGAII/results/AGRICULTURAL_NSGAII_131225_1054369412420657416679079_4_Front
3.853185206018857,94.66405104556588,output_Construct_Both/exp20/agricultural|KMeans|25|1000|Euclidean|-|-|-|FRONT|20|400|NSGAII/results/AGRICULTURAL_NSGAII_131225_105444866138542327784962_5_Front
26.466038531852064,68.37992579062472,output_Construct_Both/exp20/agricultural|KMeans|25|1000|Euclidean|-|-|-|FRONT|20|400|NSGAII/results/AGRICULTURAL_NSGAII_131225_105444866138542327784962_5_Front
9.295457741527217,90.23974706561714,output_Construct_Both/exp20/agricultural|KMeans|25|1000|Euclidean|-|-|-|FRONT|20|400|NSGAII/results/AGRICULTURAL_NSGAII_131225_105444866138542327784962_5_Front
26.466038531852064,68.37992579062472,output_Construct_Both/exp20/agricultural|KMeans|25|1000|Euclidean|-|-|-|FRONT|20|400|NSGAII/results/AGRICULTURAL_NSGAII_131225_1054499734297492951919300_6_Front
43.79130923920686,50.132282716423525,output_Construct_Both/exp20/agricultural|KMeans|25|1000|Euclidean|-|-|-|FRONT|20|400|NSGAII/results/AGRICULTURAL_NSGAII_131225_1054499734297492951919300_6_Front
9.295457741527217,90.23974706561714,output_Construct_Both/exp20/agricultural|KMeans|25|1000|Euclidean|-|-|-|FRONT|20|400|NSGAII/results/AGRICULTURAL_NSGAII_131225_1054499734297492951919300_6_Front
62.03065672901139,33.66042248560453,output_Construct_Both/exp20/agricultural|KMeans|25|1000|Euclidean|-|-|-|FRONT|20|400|NSGAII/results/AGRICULTURAL_NSGAII_131225_10545416386407498198003640_7_Front
9.295457741527217,90.23974706561714,output_Construct_Both/exp20/agricultural|KMeans|25|1000|Euclidean|-|-|-|FRONT|20|400|NSGAII/results/AGRICULTURAL_NSGAII_131225_10545416386407498198003640_7_Front
43.79130923920686,50.132282716423525,output_Construct_Both/exp20/agricultural|KMeans|25|1000|Euclidean|-|-|-|FRONT|20|400|NSGAII/results/AGRICULTURAL_NSGAII_131225_10545416386407498198003640_7_Front
26.466038531852064,68.37992579062472,output_Construct_Both/exp20/agricultural|KMeans|25|1000|Euclidean|-|-|-|FRONT|20|400|NSGAII/results/AGRICULTURAL_NSGAII_131225_10545416386407498198003640_7_Front
62.03065672901139,33.66042248560453,output_Construct_Both/exp20/agricultural|KMeans|25|1000|Euclidean|-|-|-|FRONT|20|400|NSGAII/results/AGRICULTURAL_NSGAII_131225_10545912014348143160342852_8_Front
21.75502742230348,77.49801371153359,output_Construct_Both/exp20/agricultural|KMeans|25|1000|Euclidean|-|-|-|FRONT|20|400|NSGAII/results/AGRICULTURAL_NSGAII_131225_10545912014348143160342852_8_Front
26.466038531852064,68.37992579062472,output_Construct_Both/exp20/agricultural|KMeans|25|1000|Euclidean|-|-|-|FRONT|20|400|NSGAII/results/AGRICULTURAL_NSGAII_131225_10545912014348143160342852_8_Front
9.295457741527217,90.23974706561714,output_Construct_Both/exp20/agricultural|KMeans|25|1000|Euclidean|-|-|-|FRONT|20|400|NSGAII/results/AGRICULTURAL_NSGAII_131225_10545912014348143160342852_8_Front
43.79130923920686,50.132282716423525,output_Construct_Both/exp20/agricultural|KMeans|25|1000|Euclidean|-|-|-|FRONT|20|400|NSGAII/results/AGRICULTURAL_NSGAII_131225_10545912014348143160342852_8_Front
9.295457741527217,90.23974706561714,output_Construct_Both/exp20/agricultural|KMeans|25|1000|Euclidean|-|-|-|FRONT|20|400|NSGAII/results/AGRICULTURAL_NSGAII_131225_10550412898499602894899204_9_Front
21.75502742230348,77.49801371153359,output_Construct_Both/exp20/agricultural|KMeans|25|1000|Euclidean|-|-|-|FRONT|20|400|NSGAII/results/AGRICULTURAL_NSGAII_131225_10550412898499602894899204_9_Front
26.466038531852064,68.37992579062472,output_Construct_Both/exp20/agricultural|KMeans|25|1000|Euclidean|-|-|-|FRONT|20|400|NSGAII/results/AGRICULTURAL_NSGAII_131225_10550412898499602894899204_9_Front
43.79130923920686,50.132282716423525,output_Construct_Both/exp20/agricultural|KMeans|25|1000|Euclidean|-|-|-|FRONT|20|400|NSGAII/results/AGRICULTURAL_NSGAII_131225_10550412898499602894899204_9_Front
62.03065672901139,33.66042248560453,output_Construct_Both/exp20/agricultural|KMeans|25|1000|Euclidean|-|-|-|FRONT|20|400|NSGAII/results/AGRICULTURAL_NSGAII_131225_10550412898499602894899204_9_Front
21.75502742230348,77.49801371153359,output_Construct_Both/exp20/agricultural|KMeans|25|1000|Euclidean|-|-|-|FRONT|20|400|NSGAII/results/AGRICULTURAL_NSGAII_131225_10551512059489151022341385_10_Front
3.839122486288862,94.67469918992197,output_Construct_Both/exp20/agricultural|KMeans|25|1000|Euclidean|-|-|-|FRONT|20|400|NSGAII/results/AGRICULTURAL_NSGAII_131225_10551512059489151022341385_10_Front
43.79130923920686,50.132282716423525,output_Construct_Both/exp20/agricultural|KMeans|25|1000|Euclidean|-|-|-|FRONT|20|400|NSGAII/results/AGRICULTURAL_NSGAII_131225_10551512059489151022341385_10_Front
62.03065672901139,33.66042248560453,output_Construct_Both/exp20/agricultural|KMeans|25|1000|Euclidean|-|-|-|FRONT|20|400|NSGAII/results/AGRICULTURAL_NSGAII_131225_10551512059489151022341385_10_Front
25.6504007875123,68.73295273042994,output_Construct_Both/exp20/agricultural|KMeans|25|1000|Euclidean|-|-|-|FRONT|20|400|NSGAII/results/AGRICULTURAL_NSGAII_131225_10551512059489151022341385_10_Front
9.295457741527217,90.23974706561714,output_Construct_Both/exp20/agricultural|KMeans|25|1000|Euclidean|-|-|-|FRONT|20|400|NSGAII/results/AGRICULTURAL_NSGAII_131225_10551512059489151022341385_10_Front
55.68837013078329,42.30466798266811,output_Construct_Both/exp20/agricultural|KMeans|25|1000|Euclidean|-|-|-|FRONT|20|400|NSGAII/results/AGRICULTURAL_NSGAII_131225_10551512059489151022341385_10_Front
58.06496976515258,40.99699394693949,output_Construct_Both/exp20/agricultural|KMeans|25|1000|Euclidean|-|-|-|FRONT|20|400|NSGAII/results/AGRICULTURAL_NSGAII_131225_10551512059489151022341385_10_Front
3.839122486288862,94.67469918992197,output_Construct_Both/exp20/agricultural|KMeans|25|1000|Euclidean|-|-|-|FRONT|20|400|NSGAII/results/AGRICULTURAL_NSGAII_131225_1055237045065810566855849_11_Front
43.79130923920686,50.132282716423525,output_Construct_Both/exp20/agricultural|KMeans|25|1000|Euclidean|-|-|-|FRONT|20|400|NSGAII/results/AGRICULTURAL_NSGAII_131225_1055237045065810566855849_11_Front
26.466038531852064,68.37992579062472,output_Construct_Both/exp20/agricultural|KMeans|25|1000|Euclidean|-|-|-|FRONT|20|400|NSGAII/results/AGRICULTURAL_NSGAII_131225_1055237045065810566855849_11_Front
62.03065672901139,33.66042248560453,output_Construct_Both/exp20/agricultural|KMeans|25|1000|Euclidean|-|-|-|FRONT|20|400|NSGAII/results/AGRICULTURAL_NSGAII_131225_1055237045065810566855849_11_Front
55.68837013078329,42.30466798266811,output_Construct_Both/exp20/agricultural|KMeans|25|1000|Euclidean|-|-|-|FRONT|20|400|NSGAII/results/AGRICULTURAL_NSGAII_131225_1055237045065810566855849_11_Front
9.295457741527217,90.23974706561714,output_Construct_Both/exp20/agricultural|KMeans|25|1000|Euclidean|-|-|-|FRONT|20|400|NSGAII/results/AGRICULTURAL_NSGAII_131225_1055237045065810566855849_11_Front
58.06496976515258,40.99699394693949,output_Construct_Both/exp20/agricultural|KMeans|25|1000|Euclidean|-|-|-|FRONT|20|400|NSGAII/results/AGRICULTURAL_NSGAII_131225_1055237045065810566855849_11_Front
62.03065672901139,33.66042248560453,output_Construct_Both/exp20/agricultural|KMeans|25|1000|Euclidean|-|-|-|FRONT|20|400|NSGAII/results/AGRICULTURAL_NSGAII_131225_10552814515309531896753053_12_Front
26.466038531852064,68.37992579062472,output_Construct_Both/exp20/agricultural|KMeans|25|1000|Euclidean|-|-|-|FRONT|20|400|NSGAII/results/AGRICULTURAL_NSGAII_131225_10552814515309531896753053_12_Front
3.839122486288862,94.67469918992197,output_Construct_Both/exp20/agricultural|KMeans|25|1000|Euclidean|-|-|-|FRONT|20|400|NSGAII/results/AGRICULTURAL_NSGAII_131225_10552814515309531896753053_12_Front
43.79130923920686,50.132282716423525,output_Construct_Both/exp20/agricultural|KMeans|25|1000|Euclidean|-|-|-|FRONT|20|400|NSGAII/results/AGRICULTURAL_NSGAII_131225_10552814515309531896753053_12_Front
62.03065672901139,33.66042248560453,output_Construct_Both/exp20/agricultural|KMeans|25|1000|Euclidean|-|-|-|FRONT|20|400|NSGAII/results/AGRICULTURAL_NSGAII_131225_1055333687266895940713595_13_Front
26.466038531852064,68.37992579062472,output_Construct_Both/exp20/agricultural|KMeans|25|1000|Euclidean|-|-|-|FRONT|20|400|NSGAII/results/AGRICULTURAL_NSGAII_131225_1055333687266895940713595_13_Front
43.79130923920686,50.132282716423525,output_Construct_Both/exp20/agricultural|KMeans|25|1000|Euclidean|-|-|-|FRONT|20|400|NSGAII/results/AGRICULTURAL_NSGAII_131225_1055333687266895940713595_13_Front
55.74462100970329,42.26084677320273,output_Construct_Both/exp20/agricultural|KMeans|25|1000|Euclidean|-|-|-|FRONT|20|400|NSGAII/results/AGRICULTURAL_NSGAII_131225_10553818380652259437373942_14_Front
43.79130923920686,50.132282716423525,output_Construct_Both/exp20/agricultural|KMeans|25|1000|Euclidean|-|-|-|FRONT|20|400|NSGAII/results/AGRICULTURAL_NSGAII_131225_10553818380652259437373942_14_Front
3.839122486288862,94.67469918992197,output_Construct_Both/exp20/agricultural|KMeans|25|1000|Euclidean|-|-|-|FRONT|20|400|NSGAII/results/AGRICULTURAL_NSGAII_131225_10553818380652259437373942_14_Front
62.03065672901139,33.66042248560453,output_Construct_Both/exp20/agricultural|KMeans|25|1000|Euclidean|-|-|-|FRONT|20|400|NSGAII/results/AGRICULTURAL_NSGAII_131225_10553818380652259437373942_14_Front
26.466038531852064,68.37992579062472,output_Construct_Both/exp20/agricultural|KMeans|25|1000|Euclidean|-|-|-|FRONT|20|400|NSGAII/results/AGRICULTURAL_NSGAII_131225_10553818380652259437373942_14_Front
55.74462100970329,42.26084677320273,output_Construct_Both/exp20/agricultural|KMeans|25|1000|Euclidean|-|-|-|FRONT|20|400|NSGAII/results/AGRICULTURAL_NSGAII_131225_10554517182558778542618771_15_Front
21.75502742230348,77.49801371153359,output_Construct_Both/exp20/agricultural|KMeans|25|1000|Euclidean|-|-|-|FRONT|20|400|NSGAII/results/AGRICULTURAL_NSGAII_131225_10554517182558778542618771_15_Front
62.03065672901139,33.66042248560453,output_Construct_Both/exp20/agricultural|KMeans|25|1000|Euclidean|-|-|-|FRONT|20|400|NSGAII/results/AGRICULTURAL_NSGAII_131225_10554517182558778542618771_15_Front
66.82604415693996,25.780795662109814,output_Construct_Both/exp20/agricultural|KMeans|25|1000|Euclidean|-|-|-|FRONT|20|400|NSGAII/results/AGRICULTURAL_NSGAII_131225_10554517182558778542618771_15_Front
26.466038531852064,68.37992579062472,output_Construct_Both/exp20/agricultural|KMeans|25|1000|Euclidean|-|-|-|FRONT|20|400|NSGAII/results/AGRICULTURAL_NSGAII_131225_10554517182558778542618771_15_Front
55.74462100970329,42.26084677320273,output_Construct_Both/exp20/agricultural|KMeans|25|1000|Euclidean|-|-|-|FRONT|20|400|NSGAII/results/AGRICULTURAL_NSGAII_131225_10555611697633048161347998_16_Front
66.82604415693996,25.780795662109814,output_Construct_Both/exp20/agricultural|KMeans|25|1000|Euclidean|-|-|-|FRONT|20|400|NSGAII/results/AGRICULTURAL_NSGAII_131225_10555611697633048161347998_16_Front
61.974405850091415,33.70342460704253,output_Construct_Both/exp20/agricultural|KMeans|25|1000|Euclidean|-|-|-|FRONT|20|400|NSGAII/results/AGRICULTURAL_NSGAII_131225_10555611697633048161347998_16_Front
62.03065672901139,33.66042248560453,output_Construct_Both/exp20/agricultural|KMeans|25|1000|Euclidean|-|-|-|FRONT|20|400|NSGAII/results/AGRICULTURAL_NSGAII_131225_10555611697633048161347998_16_Front
21.75502742230348,77.49801371153359,output_Construct_Both/exp20/agricultural|KMeans|25|1000|Euclidean|-|-|-|FRONT|20|400|NSGAII/results/AGRICULTURAL_NSGAII_131225_10555611697633048161347998_16_Front
26.466038531852064,68.37992579062472,output_Construct_Both/exp20/agricultural|KMeans|25|1000|Euclidean|-|-|-|FRONT|20|400|NSGAII/results/AGRICULTURAL_NSGAII_131225_10555611697633048161347998_16_Front
40.6975108986078,51.55667679605527,output_Construct_Both/exp20/agricultural|KMeans|25|1000|Euclidean|-|-|-|FRONT|20|400|NSGAII/results/AGRICULTURAL_NSGAII_131225_10560217216126306355465289_17_Front
61.974405850091415,33.70342460704253,output_Construct_Both/exp20/agricultural|KMeans|25|1000|Euclidean|-|-|-|FRONT|20|400|NSGAII/results/AGRICULTURAL_NSGAII_131225_10560217216126306355465289_17_Front
26.466038531852064,68.37992579062472,output_Construct_Both/exp20/agricultural|KMeans|25|1000|Euclidean|-|-|-|FRONT|20|400|NSGAII/results/AGRICULTURAL_NSGAII_131225_10560217216126306355465289_17_Front
66.82604415693996,25.780795662109814,output_Construct_Both/exp20/agricultural|KMeans|25|1000|Euclidean|-|-|-|FRONT|20|400|NSGAII/results/AGRICULTURAL_NSGAII_131225_10560217216126306355465289_17_Front
55.74462100970329,42.26084677320273,output_Construct_Both/exp20/agricultural|KMeans|25|1000|Euclidean|-|-|-|FRONT|20|400|NSGAII/results/AGRICULTURAL_NSGAII_131225_10560217216126306355465289_17_Front
21.75502742230348,77.49801371153359,output_Construct_Both/exp20/agricultural|KMeans|25|1000|Euclidean|-|-|-|FRONT|20|400|NSGAII/results/AGRICULTURAL_NSGAII_131225_10560217216126306355465289_17_Front
26.466038531852064,68.37992579062472,output_Construct_Both/exp20/agricultural|KMeans|25|1000|Euclidean|-|-|-|FRONT|20|400|NSGAII/results/AGRICULTURAL_NSGAII_131225_10560817002392999382193010_18_Front
40.6975108986078,51.55667679605527,output_Construct_Both/exp20/agricultural|KMeans|25|1000|Euclidean|-|-|-|FRONT|20|400|NSGAII/results/AGRICULTURAL_NSGAII_131225_10560817002392999382193010_18_Front
3.839122486288862,94.67469918992197,output_Construct_Both/exp20/agricultural|KMeans|25|1000|Euclidean|-|-|-|FRONT|20|400|NSGAII/results/AGRICULTURAL_NSGAII_131225_10560817002392999382193010_18_Front
61.974405850091415,33.70342460704253,output_Construct_Both/exp20/agricultural|KMeans|25|1000|Euclidean|-|-|-|FRONT|20|400|NSGAII/results/AGRICULTURAL_NSGAII_131225_10560817002392999382193010_18_Front
21.75502742230348,77.49801371153359,output_Construct_Both/exp20/agricultural|KMeans|25|1000|Euclidean|-|-|-|FRONT|20|400|NSGAII/results/AGRICULTURAL_NSGAII_131225_10560817002392999382193010_18_Front
55.74462100970329,42.26084677320273,output_Construct_Both/exp20/agricultural|KMeans|25|1000|Euclidean|-|-|-|FRONT|20|400|NSGAII/results/AGRICULTURAL_NSGAII_131225_10560817002392999382193010_18_Front
66.82604415693996,25.780795662109814,output_Construct_Both/exp20/agricultural|KMeans|25|1000|Euclidean|-|-|-|FRONT|20|400|NSGAII/results/AGRICULTURAL_NSGAII_131225_10560817002392999382193010_18_Front
61.974405850091415,33.70342460704253,output_Construct_Both/exp20/agricultural|KMeans|25|1000|Euclidean|-|-|-|FRONT|20|400|NSGAII/results/AGRICULTURAL_NSGAII_131225_1056187552620877948700719_19_Front
21.75502742230348,77.49801371153359,output_Construct_Both/exp20/agricultural|KMeans|25|1000|Euclidean|-|-|-|FRONT|20|400|NSGAII/results/AGRICULTURAL_NSGAII_131225_1056187552620877948700719_19_Front
26.466038531852064,68.37992579062472,output_Construct_Both/exp20/agricultural|KMeans|25|1000|Euclidean|-|-|-|FRONT|20|400|NSGAII/results/AGRICULTURAL_NSGAII_131225_1056187552620877948700719_19_Front
45.40852200815638,47.41864408167947,output_Construct_Both/exp20/agricultural|KMeans|25|1000|Euclidean|-|-|-|FRONT|20|400|NSGAII/results/AGRICULTURAL_NSGAII_131225_1056187552620877948700719_19_Front
31.06454788356069,63.90770516107365,output_Construct_Both/exp20/agricultural|KMeans|25|1000|Euclidean|-|-|-|FRONT|20|400|NSGAII/results/AGRICULTURAL_NSGAII_131225_1056187552620877948700719_19_Front
66.82604415693996,25.780795662109814,output_Construct_Both/exp20/agricultural|KMeans|25|1000|Euclidean|-|-|-|FRONT|20|400|NSGAII/results/AGRICULTURAL_NSGAII_131225_1056187552620877948700719_19_Front
9.365771340177204,90.20247856037086,output_Construct_Both/exp20/agricultural|KMeans|25|1000|Euclidean|-|-|-|FRONT|20|400|NSGAII/results/AGRICULTURAL_NSGAII_131225_1056187552620877948700719_19_Front
63.18379974687104,29.909818408184343,output_Construct_Both/exp20/agricultural|KMeans|25|1000|Euclidean|-|-|-|FRONT|20|400|NSGAII/results/AGRICULTURAL_NSGAII_131225_1056187552620877948700719_19_Front
55.74462100970329,42.26084677320273,output_Construct_Both/exp20/agricultural|KMeans|25|1000|Euclidean|-|-|-|FRONT|20|400|NSGAII/results/AGRICULTURAL_NSGAII_131225_1056187552620877948700719_19_Front
79.69343270988608,12.013564097733578,output_Construct_Both/exp20/agricultural|KMeans|25|1000|Euclidean|-|-|-|FRONT|20|400|NSGAII/results/AGRICULTURAL_NSGAII_131225_1056268224103896404427067_20_Front
45.40852200815638,47.41864408167947,output_Construct_Both/exp20/agricultural|KMeans|25|1000|Euclidean|-|-|-|FRONT|20|400|NSGAII/results/AGRICULTURAL_NSGAII_131225_1056268224103896404427067_20_Front
40.6975108986078,51.55667679605527,output_Construct_Both/exp20/agricultural|KMeans|25|1000|Euclidean|-|-|-|FRONT|20|400|NSGAII/results/AGRICULTURAL_NSGAII_131225_1056268224103896404427067_20_Front
26.466038531852064,68.37992579062472,output_Construct_Both/exp20/agricultural|KMeans|25|1000|Euclidean|-|-|-|FRONT|20|400|NSGAII/results/AGRICULTURAL_NSGAII_131225_1056268224103896404427067_20_Front
61.974405850091415,33.70342460704253,output_Construct_Both/exp20/agricultural|KMeans|25|1000|Euclidean|-|-|-|FRONT|20|400|NSGAII/results/AGRICULTURAL_NSGAII_131225_1056268224103896404427067_20_Front
55.73055828997329,42.26780902143554,output_Construct_Both/exp20/agricultural|KMeans|25|1000|Euclidean|-|-|-|FRONT|20|400|NSGAII/results/AGRICULTURAL_NSGAII_131225_1056268224103896404427067_20_Front
66.82604415693996,25.780795662109814,output_Construct_Both/exp20/agricultural|KMeans|25|1000|Euclidean|-|-|-|FRONT|20|400|NSGAII/results/AGRICULTURAL_NSGAII_131225_1056268224103896404427067_20_Front
63.18379974687104,29.909818408184343,output_Construct_Both/exp20/agricultural|KMeans|25|1000|Euclidean|-|-|-|FRONT|20|400|NSGAII/results/AGRICULTURAL_NSGAII_131225_1056268224103896404427067_20_Front
9.365771340177204,90.20247856037086,output_Construct_Both/exp20/agricultural|KMeans|25|1000|Euclidean|-|-|-|FRONT|20|400|NSGAII/results/AGRICULTURAL_NSGAII_131225_1056268224103896404427067_20_Front
21.75502742230348,77.49801371153359,output_Construct_Both/exp20/agricultural|KMeans|25|1000|Euclidean|-|-|-|FRONT|20|400|NSGAII/results/AGRICULTURAL_NSGAII_131225_1056268224103896404427067_20_Front
31.06454788356069,63.90770516107365,output_Construct_Both/exp20/agricultural|FuzzyKMeans|25|1000|Euclidean|1.05|-|-|FRONT|20|400|NSGAII/results/AGRICULTURAL_NSGAII_131225_1059081501103246515054610_1_Front
21.40345942905358,77.78469452112016,output_Construct_Both/exp20/agricultural|FuzzyKMeans|25|1000|Euclidean|1.05|-|-|FRONT|20|400|NSGAII/results/AGRICULTURAL_NSGAII_131225_1059081501103246515054610_1_Front
99.81718464351005,0.1715989417382615,output_Construct_Both/exp20/agricultural|FuzzyKMeans|25|1000|Euclidean|1.05|-|-|FRONT|20|400|NSGAII/results/AGRICULTURAL_NSGAII_131225_1059081501103246515054610_1_Front
2.9109829841091335,95.60067820488666,output_Construct_Both/exp20/agricultural|FuzzyKMeans|25|1000|Euclidean|1.05|-|-|FRONT|20|400|NSGAII/results/AGRICULTURAL_NSGAII_131225_1059081501103246515054610_1_Front
2.0953452397693746,97.76511831726557,output_Construct_Both/exp20/agricultural|FuzzyKMeans|25|1000|Euclidean|1.05|-|-|FRONT|20|400|NSGAII/results/AGRICULTURAL_NSGAII_131225_1059081501103246515054610_1_Front
0.014062719730009842,99.9995904559863,output_Construct_Both/exp20/agricultural|FuzzyKMeans|25|1000|Euclidean|1.05|-|-|FRONT|20|400|NSGAII/results/AGRICULTURAL_NSGAII_131225_105916738337784499256458_2_Front
99.81718464351005,0.1715989417382615,output_Construct_Both/exp20/agricultural|FuzzyKMeans|25|1000|Euclidean|1.05|-|-|FRONT|20|400|NSGAII/results/AGRICULTURAL_NSGAII_131225_105916738337784499256458_2_Front
31.06454788356069,63.90770516107365,output_Construct_Both/exp20/agricultural|FuzzyKMeans|25|1000|Euclidean|1.05|-|-|FRONT|20|400|NSGAII/results/AGRICULTURAL_NSGAII_131225_105916738337784499256458_2_Front
21.40345942905358,77.78469452112016,output_Construct_Both/exp20/agricultural|FuzzyKMeans|25|1000|Euclidean|1.05|-|-|FRONT|20|400|NSGAII/results/AGRICULTURAL_NSGAII_131225_105916738337784499256458_2_Front
23.90662354099283,72.29516656155036,output_Construct_Both/exp20/agricultural|FuzzyKMeans|25|1000|Euclidean|1.05|-|-|FRONT|20|400|NSGAII/results/AGRICULTURAL_NSGAII_131225_105916738337784499256458_2_Front
2.9109829841091335,95.60067820488666,output_Construct_Both/exp20/agricultural|FuzzyKMeans|25|1000|Euclidean|1.05|-|-|FRONT|20|400|NSGAII/results/AGRICULTURAL_NSGAII_131225_105916738337784499256458_2_Front
2.0953452397693746,97.76511831726557,output_Construct_Both/exp20/agricultural|FuzzyKMeans|25|1000|Euclidean|1.05|-|-|FRONT|20|400|NSGAII/results/AGRICULTURAL_NSGAII_131225_105916738337784499256458_2_Front
0.0,100.0,output_Construct_Both/exp20/agricultural|FuzzyKMeans|25|1000|Euclidean|1.05|-|-|FRONT|20|400|NSGAII/results/AGRICULTURAL_NSGAII_131225_10592817110184556563955381_3_Front
99.81718464351005,0.1715989417382615,output_Construct_Both/exp20/agricultural|FuzzyKMeans|25|1000|Euclidean|1.05|-|-|FRONT|20|400|NSGAII/results/AGRICULTURAL_NSGAII_131225_10592817110184556563955381_3_Front
31.06454788356069,63.90770516107365,output_Construct_Both/exp20/agricultural|FuzzyKMeans|25|1000|Euclidean|1.05|-|-|FRONT|20|400|NSGAII/results/AGRICULTURAL_NSGAII_131225_10592817110184556563955381_3_Front
23.90662354099283,72.29516656155036,output_Construct_Both/exp20/agricultural|FuzzyKMeans|25|1000|Euclidean|1.05|-|-|FRONT|20|400|NSGAII/results/AGRICULTURAL_NSGAII_131225_10592817110184556563955381_3_Front
21.40345942905358,77.78469452112016,output_Construct_Both/exp20/agricultural|FuzzyKMeans|25|1000|Euclidean|1.05|-|-|FRONT|20|400|NSGAII/results/AGRICULTURAL_NSGAII_131225_10592817110184556563955381_3_Front
0.0,100.0,output_Construct_Both/exp20/agricultural|FuzzyKMeans|25|1000|Euclidean|1.05|-|-|FRONT|20|400|NSGAII/results/AGRICULTURAL_NSGAII_131225_1059338910566553588060704_4_Front
99.81718464351005,0.1715989417382615,output_Construct_Both/exp20/agricultural|FuzzyKMeans|25|1000|Euclidean|1.05|-|-|FRONT|20|400|NSGAII/results/AGRICULTURAL_NSGAII_131225_1059338910566553588060704_4_Front
55.74462100970329,42.26084677320273,output_Construct_Both/exp20/agricultural|FuzzyKMeans|25|1000|Euclidean|1.05|-|-|FRONT|20|400|NSGAII/results/AGRICULTURAL_NSGAII_131225_1059338910566553588060704_4_Front
31.06454788356069,63.90770516107365,output_Construct_Both/exp20/agricultural|FuzzyKMeans|25|1000|Euclidean|1.05|-|-|FRONT|20|400|NSGAII/results/AGRICULTURAL_NSGAII_131225_1059338910566553588060704_4_Front
44.6772605821966,47.81631131897745,output_Construct_Both/exp20/agricultural|FuzzyKMeans|25|1000|Euclidean|1.05|-|-|FRONT|20|400|NSGAII/results/AGRICULTURAL_NSGAII_131225_1059338910566553588060704_4_Front
21.40345942905358,77.78469452112016,output_Construct_Both/exp20/agricultural|FuzzyKMeans|25|1000|Euclidean|1.05|-|-|FRONT|20|400|NSGAII/results/AGRICULTURAL_NSGAII_131225_1059338910566553588060704_4_Front
0.0,100.0,output_Construct_Both/exp20/agricultural|FuzzyKMeans|25|1000|Euclidean|1.05|-|-|FRONT|20|400|NSGAII/results/AGRICULTURAL_NSGAII_131225_1059385907067332840712339_5_Front
99.81718464351005,0.1715989417382615,output_Construct_Both/exp20/agricultural|FuzzyKMeans|25|1000|Euclidean|1.05|-|-|FRONT|20|400|NSGAII/results/AGRICULTURAL_NSGAII_131225_1059385907067332840712339_5_Front
60.202503164111945,39.636488733444196,output_Construct_Both/exp20/agricultural|FuzzyKMeans|25|1000|Euclidean|1.05|-|-|FRONT|20|400|NSGAII/results/AGRICULTURAL_NSGAII_131225_1059385907067332840712339_5_Front
21.40345942905358,77.78469452112016,output_Construct_Both/exp20/agricultural|FuzzyKMeans|25|1000|Euclidean|1.05|-|-|FRONT|20|400|NSGAII/results/AGRICULTURAL_NSGAII_131225_1059385907067332840712339_5_Front
31.06454788356069,63.90770516107365,output_Construct_Both/exp20/agricultural|FuzzyKMeans|25|1000|Euclidean|1.05|-|-|FRONT|20|400|NSGAII/results/AGRICULTURAL_NSGAII_131225_1059385907067332840712339_5_Front
44.6772605821966,47.81631131897745,output_Construct_Both/exp20/agricultural|FuzzyKMeans|25|1000|Euclidean|1.05|-|-|FRONT|20|400|NSGAII/results/AGRICULTURAL_NSGAII_131225_1059385907067332840712339_5_Front
0.0,100.0,output_Construct_Both/exp20/agricultural|FuzzyKMeans|25|1000|Euclidean|1.05|-|-|FRONT|20|400|NSGAII/results/AGRICULTURAL_NSGAII_131225_10594618365515718361943113_6_Front
99.81718464351005,0.1715989417382615,output_Construct_Both/exp20/agricultural|FuzzyKMeans|25|1000|Euclidean|1.05|-|-|FRONT|20|400|NSGAII/results/AGRICULTURAL_NSGAII_131225_10594618365515718361943113_6_Front
61.974405850091415,33.70342460704253,output_Construct_Both/exp20/agricultural|FuzzyKMeans|25|1000|Euclidean|1.05|-|-|FRONT|20|400|NSGAII/results/AGRICULTURAL_NSGAII_131225_10594618365515718361943113_6_Front
31.078610603290684,63.89869519277238,output_Construct_Both/exp20/agricultural|FuzzyKMeans|25|1000|Euclidean|1.05|-|-|FRONT|20|400|NSGAII/results/AGRICULTURAL_NSGAII_131225_10594618365515718361943113_6_Front
21.023765996343702,78.35969431634815,output_Construct_Both/exp20/agricultural|FuzzyKMeans|25|1000|Euclidean|1.05|-|-|FRONT|20|400|NSGAII/results/AGRICULTURAL_NSGAII_131225_10594618365515718361943113_6_Front
44.6772605821966,47.81631131897745,output_Construct_Both/exp20/agricultural|FuzzyKMeans|25|1000|Euclidean|1.05|-|-|FRONT|20|400|NSGAII/results/AGRICULTURAL_NSGAII_131225_10594618365515718361943113_6_Front
0.0,100.0,output_Construct_Both/exp20/agricultural|FuzzyKMeans|25|1000|Euclidean|1.05|-|-|FRONT|20|400|NSGAII/results/AGRICULTURAL_NSGAII_131225_10595516453985596397726849_7_Front
99.81718464351005,0.1715989417382615,output_Construct_Both/exp20/agricultural|FuzzyKMeans|25|1000|Euclidean|1.05|-|-|FRONT|20|400|NSGAII/results/AGRICULTURAL_NSGAII_131225_10595516453985596397726849_7_Front
61.974405850091415,33.70342460704253,output_Construct_Both/exp20/agricultural|FuzzyKMeans|25|1000|Euclidean|1.05|-|-|FRONT|20|400|NSGAII/results/AGRICULTURAL_NSGAII_131225_10595516453985596397726849_7_Front
21.023765996343702,78.35969431634815,output_Construct_Both/exp20/agricultural|FuzzyKMeans|25|1000|Euclidean|1.05|-|-|FRONT|20|400|NSGAII/results/AGRICULTURAL_NSGAII_131225_10595516453985596397726849_7_Front
55.74462100970329,42.26084677320273,output_Construct_Both/exp20/agricultural|FuzzyKMeans|25|1000|Euclidean|1.05|-|-|FRONT|20|400|NSGAII/results/AGRICULTURAL_NSGAII_131225_10595516453985596397726849_7_Front
31.078610603290684,63.89869519277238,output_Construct_Both/exp20/agricultural|FuzzyKMeans|25|1000|Euclidean|1.05|-|-|FRONT|20|400|NSGAII/results/AGRICULTURAL_NSGAII_131225_10595516453985596397726849_7_Front
44.6772605821966,47.81631131897745,output_Construct_Both/exp20/agricultural|FuzzyKMeans|25|1000|Euclidean|1.05|-|-|FRONT|20|400|NSGAII/results/AGRICULTURAL_NSGAII_131225_10595516453985596397726849_7_Front
0.0,100.0,output_Construct_Both/exp20/agricultural|FuzzyKMeans|25|1000|Euclidean|1.05|-|-|FRONT|20|400|NSGAII/results/AGRICULTURAL_NSGAII_131225_1100011410773947728305674_8_Front
99.81718464351005,0.1715989417382615,output_Construct_Both/exp20/agricultural|FuzzyKMeans|25|1000|Euclidean|1.05|-|-|FRONT|20|400|NSGAII/results/AGRICULTURAL_NSGAII_131225_1100011410773947728305674_8_Front
61.974405850091415,33.70342460704253,output_Construct_Both/exp20/agricultural|FuzzyKMeans|25|1000|Euclidean|1.05|-|-|FRONT|20|400|NSGAII/results/AGRICULTURAL_NSGAII_131225_1100011410773947728305674_8_Front
40.078751230487974,52.301227812953066,output_Construct_Both/exp20/agricultural|FuzzyKMeans|25|1000|Euclidean|1.05|-|-|FRONT|20|400|NSGAII/results/AGRICULTURAL_NSGAII_131225_1100011410773947728305674_8_Front
21.023765996343702,78.35969431634815,output_Construct_Both/exp20/agricultural|FuzzyKMeans|25|1000|Euclidean|1.05|-|-|FRONT|20|400|NSGAII/results/AGRICULTURAL_NSGAII_131225_1100011410773947728305674_8_Front
44.6772605821966,47.81631131897745,output_Construct_Both/exp20/agricultural|FuzzyKMeans|25|1000|Euclidean|1.05|-|-|FRONT|20|400|NSGAII/results/AGRICULTURAL_NSGAII_131225_1100011410773947728305674_8_Front
31.078610603290684,63.89869519277238,output_Construct_Both/exp20/agricultural|FuzzyKMeans|25|1000|Euclidean|1.05|-|-|FRONT|20|400|NSGAII/results/AGRICULTURAL_NSGAII_131225_1100011410773947728305674_8_Front
22.43003796934328,73.94153349660488,output_Construct_Both/exp20/agricultural|FuzzyKMeans|25|1000|Euclidean|1.05|-|-|FRONT|20|400|NSGAII/results/AGRICULTURAL_NSGAII_131225_1100011410773947728305674_8_Front
55.74462100970329,42.26084677320273,output_Construct_Both/exp20/agricultural|FuzzyKMeans|25|1000|Euclidean|1.05|-|-|FRONT|20|400|NSGAII/results/AGRICULTURAL_NSGAII_131225_1100011410773947728305674_8_Front
0.0,100.0,output_Construct_Both/exp20/agricultural|FuzzyKMeans|25|1000|Euclidean|1.05|-|-|FRONT|20|400|NSGAII/results/AGRICULTURAL_NSGAII_131225_11000539546676680586551_9_Front
99.81718464351005,0.1715989417382615,output_Construct_Both/exp20/agricultural|FuzzyKMeans|25|1000|Euclidean|1.05|-|-|FRONT|20|400|NSGAII/results/AGRICULTURAL_NSGAII_131225_11000539546676680586551_9_Front
31.078610603290684,63.89869519277238,output_Construct_Both/exp20/agricultural|FuzzyKMeans|25|1000|Euclidean|1.05|-|-|FRONT|20|400|NSGAII/results/AGRICULTURAL_NSGAII_131225_11000539546676680586551_9_Front
40.078751230487974,52.301227812953066,output_Construct_Both/exp20/agricultural|FuzzyKMeans|25|1000|Euclidean|1.05|-|-|FRONT|20|400|NSGAII/results/AGRICULTURAL_NSGAII_131225_11000539546676680586551_9_Front
21.023765996343702,78.35969431634815,output_Construct_Both/exp20/agricultural|FuzzyKMeans|25|1000|Euclidean|1.05|-|-|FRONT|20|400|NSGAII/results/AGRICULTURAL_NSGAII_131225_11000539546676680586551_9_Front
22.43003796934328,73.94153349660488,output_Construct_Both/exp20/agricultural|FuzzyKMeans|25|1000|Euclidean|1.05|-|-|FRONT|20|400|NSGAII/results/AGRICULTURAL_NSGAII_131225_11000539546676680586551_9_Front
61.974405850091415,33.70342460704253,output_Construct_Both/exp20/agricultural|FuzzyKMeans|25|1000|Euclidean|1.05|-|-|FRONT|20|400|NSGAII/results/AGRICULTURAL_NSGAII_131225_11000539546676680586551_9_Front
0.0,100.0,output_Construct_Both/exp20/agricultural|FuzzyKMeans|25|1000|Euclidean|1.05|-|-|FRONT|20|400|NSGAII/results/AGRICULTURAL_NSGAII_131225_1100138688947280697151296_10_Front
99.81718464351005,0.1715989417382615,output_Construct_Both/exp20/agricultural|FuzzyKMeans|25|1000|Euclidean|1.05|-|-|FRONT|20|400|NSGAII/results/AGRICULTURAL_NSGAII_131225_1100138688947280697151296_10_Front
61.974405850091415,33.70342460704253,output_Construct_Both/exp20/agricultural|FuzzyKMeans|25|1000|Euclidean|1.05|-|-|FRONT|20|400|NSGAII/results/AGRICULTURAL_NSGAII_131225_1100138688947280697151296_10_Front
40.078751230487974,52.301227812953066,output_Construct_Both/exp20/agricultural|FuzzyKMeans|25|1000|Euclidean|1.05|-|-|FRONT|20|400|NSGAII/results/AGRICULTURAL_NSGAII_131225_1100138688947280697151296_10_Front
36.32400506257911,61.41399166168387,output_Construct_Both/exp20/agricultural|FuzzyKMeans|25|1000|Euclidean|1.05|-|-|FRONT|20|400|NSGAII/results/AGRICULTURAL_NSGAII_131225_1100138688947280697151296_10_Front
31.078610603290684,63.89869519277238,output_Construct_Both/exp20/agricultural|FuzzyKMeans|25|1000|Euclidean|1.05|-|-|FRONT|20|400|NSGAII/results/AGRICULTURAL_NSGAII_131225_1100138688947280697151296_10_Front
0.0,100.0,output_Construct_Both/exp20/agricultural|FuzzyKMeans|25|1000|Euclidean|1.05|-|-|FRONT|20|400|NSGAII/results/AGRICULTURAL_NSGAII_131225_11002114675494359510663682_11_Front
99.98593728027001,0.006552704219136257,output_Construct_Both/exp20/agricultural|FuzzyKMeans|25|1000|Euclidean|1.05|-|-|FRONT|20|400|NSGAII/results/AGRICULTURAL_NSGAII_131225_11002114675494359510663682_11_Front
22.43003796934328,73.94153349660488,output_Construct_Both/exp20/agricultural|FuzzyKMeans|25|1000|Euclidean|1.05|-|-|FRONT|20|400|NSGAII/results/AGRICULTURAL_NSGAII_131225_11002114675494359510663682_11_Front
40.078751230487974,52.301227812953066,output_Construct_Both/exp20/agricultural|FuzzyKMeans|25|1000|Euclidean|1.05|-|-|FRONT|20|400|NSGAII/results/AGRICULTURAL_NSGAII_131225_11002114675494359510663682_11_Front
36.32400506257911,61.41399166168387,output_Construct_Both/exp20/agricultural|FuzzyKMeans|25|1000|Euclidean|1.05|-|-|FRONT|20|400|NSGAII/results/AGRICULTURAL_NSGAII_131225_11002114675494359510663682_11_Front
61.974405850091415,33.70342460704253,output_Construct_Both/exp20/agricultural|FuzzyKMeans|25|1000|Euclidean|1.05|-|-|FRONT|20|400|NSGAII/results/AGRICULTURAL_NSGAII_131225_11002114675494359510663682_11_Front
99.81718464351005,0.1715989417382615,output_Construct_Both/exp20/agricultural|FuzzyKMeans|25|1000|Euclidean|1.05|-|-|FRONT|20|400|NSGAII/results/AGRICULTURAL_NSGAII_131225_11002114675494359510663682_11_Front
0.0,100.0,output_Construct_Both/exp20/agricultural|FuzzyKMeans|25|1000|Euclidean|1.05|-|-|FRONT|20|400|NSGAII/results/AGRICULTURAL_NSGAII_131225_1100281025453330821549218_12_Front
99.98593728027001,0.006552704219136257,output_Construct_Both/exp20/agricultural|FuzzyKMeans|25|1000|Euclidean|1.05|-|-|FRONT|20|400|NSGAII/results/AGRICULTURAL_NSGAII_131225_1100281025453330821549218_12_Front
85.76852763324428,7.9791460188226555,output_Construct_Both/exp20/agricultural|FuzzyKMeans|25|1000|Euclidean|1.05|-|-|FRONT|20|400|NSGAII/results/AGRICULTURAL_NSGAII_131225_1100281025453330821549218_12_Front
79.6512445506961,12.056566219171572,output_Construct_Both/exp20/agricultural|FuzzyKMeans|25|1000|Euclidean|1.05|-|-|FRONT|20|400|NSGAII/results/AGRICULTURAL_NSGAII_131225_1100281025453330821549218_12_Front
99.81718464351005,0.1715989417382615,output_Construct_Both/exp20/agricultural|FuzzyKMeans|25|1000|Euclidean|1.05|-|-|FRONT|20|400|NSGAII/results/AGRICULTURAL_NSGAII_131225_1100281025453330821549218_12_Front
36.32400506257911,61.41399166168387,output_Construct_Both/exp20/agricultural|FuzzyKMeans|25|1000|Euclidean|1.05|-|-|FRONT|20|400|NSGAII/results/AGRICULTURAL_NSGAII_131225_1100281025453330821549218_12_Front
22.43003796934328,73.94153349660488,output_Construct_Both/exp20/agricultural|FuzzyKMeans|25|1000|Euclidean|1.05|-|-|FRONT|20|400|NSGAII/results/AGRICULTURAL_NSGAII_131225_1100281025453330821549218_12_Front
40.078751230487974,52.301227812953066,output_Construct_Both/exp20/agricultural|FuzzyKMeans|25|1000|Euclidean|1.05|-|-|FRONT|20|400|NSGAII/results/AGRICULTURAL_NSGAII_131225_1100281025453330821549218_12_Front
29.686401350021104,64.91231662666786,output_Construct_Both/exp20/agricultural|FuzzyKMeans|25|1000|Euclidean|1.05|-|-|FRONT|20|400|NSGAII/results/AGRICULTURAL_NSGAII_131225_1100281025453330821549218_12_Front
0.0,100.0,output_Construct_Both/exp20/agricultural|FuzzyKMeans|25|1000|Euclidean|1.05|-|-|FRONT|20|400|NSGAII/results/AGRICULTURAL_NSGAII_131225_11004317546737950444160066_13_Front
99.98593728027001,0.006552704219136257,output_Construct_Both/exp20/agricultural|FuzzyKMeans|25|1000|Euclidean|1.05|-|-|FRONT|20|400|NSGAII/results/AGRICULTURAL_NSGAII_131225_11004317546737950444160066_13_Front
85.76852763324428,7.9791460188226555,output_Construct_Both/exp20/agricultural|FuzzyKMeans|25|1000|Euclidean|1.05|-|-|FRONT|20|400|NSGAII/results/AGRICULTURAL_NSGAII_131225_11004317546737950444160066_13_Front
79.6512445506961,12.056566219171572,output_Construct_Both/exp20/agricultural|FuzzyKMeans|25|1000|Euclidean|1.05|-|-|FRONT|20|400|NSGAII/results/AGRICULTURAL_NSGAII_131225_11004317546737950444160066_13_Front
61.03220362818169,34.66544349521242,output_Construct_Both/exp20/agricultural|FuzzyKMeans|25|1000|Euclidean|1.05|-|-|FRONT|20|400|NSGAII/results/AGRICULTURAL_NSGAII_131225_11004317546737950444160066_13_Front
99.81718464351005,0.1715989417382615,output_Construct_Both/exp20/agricultural|FuzzyKMeans|25|1000|Euclidean|1.05|-|-|FRONT|20|400|NSGAII/results/AGRICULTURAL_NSGAII_131225_11004317546737950444160066_13_Front
40.078751230487974,52.301227812953066,output_Construct_Both/exp20/agricultural|FuzzyKMeans|25|1000|Euclidean|1.05|-|-|FRONT|20|400|NSGAII/results/AGRICULTURAL_NSGAII_131225_11004317546737950444160066_13_Front
29.686401350021104,64.91231662666786,output_Construct_Both/exp20/agricultural|FuzzyKMeans|25|1000|Euclidean|1.05|-|-|FRONT|20|400|NSGAII/results/AGRICULTURAL_NSGAII_131225_11004317546737950444160066_13_Front
16.551821122205038,87.07765773587688,output_Construct_Both/exp20/agricultural|FuzzyKMeans|25|1000|Euclidean|1.05|-|-|FRONT|20|400|NSGAII/results/AGRICULTURAL_NSGAII_131225_11004317546737950444160066_13_Front
36.32400506257911,61.41399166168387,output_Construct_Both/exp20/agricultural|FuzzyKMeans|25|1000|Euclidean|1.05|-|-|FRONT|20|400|NSGAII/results/AGRICULTURAL_NSGAII_131225_11004317546737950444160066_13_Front
21.023765996343702,78.35969431634815,output_Construct_Both/exp20/agricultural|FuzzyKMeans|25|1000|Euclidean|1.05|-|-|FRONT|20|400|NSGAII/results/AGRICULTURAL_NSGAII_131225_11004317546737950444160066_13_Front
22.43003796934328,73.94153349660488,output_Construct_Both/exp20/agricultural|FuzzyKMeans|25|1000|Euclidean|1.05|-|-|FRONT|20|400|NSGAII/results/AGRICULTURAL_NSGAII_131225_11004317546737950444160066_13_Front
0.0,100.0,output_Construct_Both/exp20/agricultural|FuzzyKMeans|25|1000|Euclidean|1.05|-|-|FRONT|20|400|NSGAII/results/AGRICULTURAL_NSGAII_131225_11004812805566021675929271_14_Front
100.0,0.0,output_Construct_Both/exp20/agricultural|FuzzyKMeans|25|1000|Euclidean|1.05|-|-|FRONT|20|400|NSGAII/results/AGRICULTURAL_NSGAII_131225_11004812805566021675929271_14_Front
85.76852763324428,7.9791460188226555,output_Construct_Both/exp20/agricultural|FuzzyKMeans|25|1000|Euclidean|1.05|-|-|FRONT|20|400|NSGAII/results/AGRICULTURAL_NSGAII_131225_11004812805566021675929271_14_Front
79.6512445506961,12.056566219171572,output_Construct_Both/exp20/agricultural|FuzzyKMeans|25|1000|Euclidean|1.05|-|-|FRONT|20|400|NSGAII/results/AGRICULTURAL_NSGAII_131225_11004812805566021675929271_14_Front
29.686401350021104,64.91231662666786,output_Construct_Both/exp20/agricultural|FuzzyKMeans|25|1000|Euclidean|1.05|-|-|FRONT|20|400|NSGAII/results/AGRICULTURAL_NSGAII_131225_11004812805566021675929271_14_Front
16.551821122205038,87.07765773587688,output_Construct_Both/exp20/agricultural|FuzzyKMeans|25|1000|Euclidean|1.05|-|-|FRONT|20|400|NSGAII/results/AGRICULTURAL_NSGAII_131225_11004812805566021675929271_14_Front
99.81718464351005,0.1715989417382615,output_Construct_Both/exp20/agricultural|FuzzyKMeans|25|1000|Euclidean|1.05|-|-|FRONT|20|400|NSGAII/results/AGRICULTURAL_NSGAII_131225_11004812805566021675929271_14_Front
40.078751230487974,52.301227812953066,output_Construct_Both/exp20/agricultural|FuzzyKMeans|25|1000|Euclidean|1.05|-|-|FRONT|20|400|NSGAII/results/AGRICULTURAL_NSGAII_131225_11004812805566021675929271_14_Front
63.08536070876107,30.047015652772203,output_Construct_Both/exp20/agricultural|FuzzyKMeans|25|1000|Euclidean|1.05|-|-|FRONT|20|400|NSGAII/results/AGRICULTURAL_NSGAII_131225_11004812805566021675929271_14_Front
21.023765996343702,78.35969431634815,output_Construct_Both/exp20/agricultural|FuzzyKMeans|25|1000|Euclidean|1.05|-|-|FRONT|20|400|NSGAII/results/AGRICULTURAL_NSGAII_131225_11004812805566021675929271_14_Front
36.32400506257911,61.41399166168387,output_Construct_Both/exp20/agricultural|FuzzyKMeans|25|1000|Euclidean|1.05|-|-|FRONT|20|400|NSGAII/results/AGRICULTURAL_NSGAII_131225_11004812805566021675929271_14_Front
61.03220362818169,34.66544349521242,output_Construct_Both/exp20/agricultural|FuzzyKMeans|25|1000|Euclidean|1.05|-|-|FRONT|20|400|NSGAII/results/AGRICULTURAL_NSGAII_131225_11004812805566021675929271_14_Front
22.43003796934328,73.94153349660488,output_Construct_Both/exp20/agricultural|FuzzyKMeans|25|1000|Euclidean|1.05|-|-|FRONT|20|400|NSGAII/results/AGRICULTURAL_NSGAII_131225_11004812805566021675929271_14_Front
0.0,100.0,output_Construct_Both/exp20/agricultural|FuzzyKMeans|25|1000|Euclidean|1.05|-|-|FRONT|20|400|NSGAII/results/AGRICULTURAL_NSGAII_131225_11005711745063100833020303_15_Front
100.0,0.0,output_Construct_Both/exp20/agricultural|FuzzyKMeans|25|1000|Euclidean|1.05|-|-|FRONT|20|400|NSGAII/results/AGRICULTURAL_NSGAII_131225_11005711745063100833020303_15_Front
85.76852763324428,7.9791460188226555,output_Construct_Both/exp20/agricultural|FuzzyKMeans|25|1000|Euclidean|1.05|-|-|FRONT|20|400|NSGAII/results/AGRICULTURAL_NSGAII_131225_11005711745063100833020303_15_Front
40.078751230487974,52.301227812953066,output_Construct_Both/exp20/agricultural|FuzzyKMeans|25|1000|Euclidean|1.05|-|-|FRONT|20|400|NSGAII/results/AGRICULTURAL_NSGAII_131225_11005711745063100833020303_15_Front
99.81718464351005,0.1715989417382615,output_Construct_Both/exp20/agricultural|FuzzyKMeans|25|1000|Euclidean|1.05|-|-|FRONT|20|400|NSGAII/results/AGRICULTURAL_NSGAII_131225_11005711745063100833020303_15_Front
29.686401350021104,64.91231662666786,output_Construct_Both/exp20/agricultural|FuzzyKMeans|25|1000|Euclidean|1.05|-|-|FRONT|20|400|NSGAII/results/AGRICULTURAL_NSGAII_131225_11005711745063100833020303_15_Front
79.6512445506961,12.056566219171572,output_Construct_Both/exp20/agricultural|FuzzyKMeans|25|1000|Euclidean|1.05|-|-|FRONT|20|400|NSGAII/results/AGRICULTURAL_NSGAII_131225_11005711745063100833020303_15_Front
16.551821122205038,87.07765773587688,output_Construct_Both/exp20/agricultural|FuzzyKMeans|25|1000|Euclidean|1.05|-|-|FRONT|20|400|NSGAII/results/AGRICULTURAL_NSGAII_131225_11005711745063100833020303_15_Front
36.32400506257911,61.41399166168387,output_Construct_Both/exp20/agricultural|FuzzyKMeans|25|1000|Euclidean|1.05|-|-|FRONT|20|400|NSGAII/results/AGRICULTURAL_NSGAII_131225_11005711745063100833020303_15_Front
63.08536070876107,30.047015652772203,output_Construct_Both/exp20/agricultural|FuzzyKMeans|25|1000|Euclidean|1.05|-|-|FRONT|20|400|NSGAII/results/AGRICULTURAL_NSGAII_131225_11005711745063100833020303_15_Front
0.0,100.0,output_Construct_Both/exp20/agricultural|FuzzyKMeans|25|1000|Euclidean|1.05|-|-|FRONT|20|400|NSGAII/results/AGRICULTURAL_NSGAII_131225_1101049325495761820581974_16_Front
100.0,0.0,output_Construct_Both/exp20/agricultural|FuzzyKMeans|25|1000|Euclidean|1.05|-|-|FRONT|20|400|NSGAII/results/AGRICULTURAL_NSGAII_131225_1101049325495761820581974_16_Front
85.76852763324428,7.9791460188226555,output_Construct_Both/exp20/agricultural|FuzzyKMeans|25|1000|Euclidean|1.05|-|-|FRONT|20|400|NSGAII/results/AGRICULTURAL_NSGAII_131225_1101049325495761820581974_16_Front
99.81718464351005,0.1715989417382615,output_Construct_Both/exp20/agricultural|FuzzyKMeans|25|1000|Euclidean|1.05|-|-|FRONT|20|400|NSGAII/results/AGRICULTURAL_NSGAII_131225_1101049325495761820581974_16_Front
36.32400506257911,61.41399166168387,output_Construct_Both/exp20/agricultural|FuzzyKMeans|25|1000|Euclidean|1.05|-|-|FRONT|20|400|NSGAII/results/AGRICULTURAL_NSGAII_131225_1101049325495761820581974_16_Front
16.551821122205038,87.07765773587688,output_Construct_Both/exp20/agricultural|FuzzyKMeans|25|1000|Euclidean|1.05|-|-|FRONT|20|400|NSGAII/results/AGRICULTURAL_NSGAII_131225_1101049325495761820581974_16_Front
22.43003796934328,73.94153349660488,output_Construct_Both/exp20/agricultural|FuzzyKMeans|25|1000|Euclidean|1.05|-|-|FRONT|20|400|NSGAII/results/AGRICULTURAL_NSGAII_131225_1101049325495761820581974_16_Front
79.6512445506961,12.056566219171572,output_Construct_Both/exp20/agricultural|FuzzyKMeans|25|1000|Euclidean|1.05|-|-|FRONT|20|400|NSGAII/results/AGRICULTURAL_NSGAII_131225_1101049325495761820581974_16_Front
61.58064969765154,34.317740627585245,output_Construct_Both/exp20/agricultural|FuzzyKMeans|25|1000|Euclidean|1.05|-|-|FRONT|20|400|NSGAII/results/AGRICULTURAL_NSGAII_131225_1101049325495761820581974_16_Front
29.686401350021104,64.91231662666786,output_Construct_Both/exp20/agricultural|FuzzyKMeans|25|1000|Euclidean|1.05|-|-|FRONT|20|400|NSGAII/results/AGRICULTURAL_NSGAII_131225_1101049325495761820581974_16_Front
0.0,100.0,output_Construct_Both/exp20/agricultural|FuzzyKMeans|25|1000|Euclidean|1.05|-|-|FRONT|20|400|NSGAII/results/AGRICULTURAL_NSGAII_131225_11011217409751812541518212_17_Front
100.0,0.0,output_Construct_Both/exp20/agricultural|FuzzyKMeans|25|1000|Euclidean|1.05|-|-|FRONT|20|400|NSGAII/results/AGRICULTURAL_NSGAII_131225_11011217409751812541518212_17_Front
85.76852763324428,7.9791460188226555,output_Construct_Both/exp20/agricultural|FuzzyKMeans|25|1000|Euclidean|1.05|-|-|FRONT|20|400|NSGAII/results/AGRICULTURAL_NSGAII_131225_11011217409751812541518212_17_Front
99.81718464351005,0.1715989417382615,output_Construct_Both/exp20/agricultural|FuzzyKMeans|25|1000|Euclidean|1.05|-|-|FRONT|20|400|NSGAII/results/AGRICULTURAL_NSGAII_131225_11011217409751812541518212_17_Front
36.32400506257911,61.41399166168387,output_Construct_Both/exp20/agricultural|FuzzyKMeans|25|1000|Euclidean|1.05|-|-|FRONT|20|400|NSGAII/results/AGRICULTURAL_NSGAII_131225_11011217409751812541518212_17_Front
61.58064969765154,34.317740627585245,output_Construct_Both/exp20/agricultural|FuzzyKMeans|25|1000|Euclidean|1.05|-|-|FRONT|20|400|NSGAII/results/AGRICULTURAL_NSGAII_131225_11011217409751812541518212_17_Front
79.6512445506961,12.056566219171572,output_Construct_Both/exp20/agricultural|FuzzyKMeans|25|1000|Euclidean|1.05|-|-|FRONT|20|400|NSGAII/results/AGRICULTURAL_NSGAII_131225_11011217409751812541518212_17_Front
16.551821122205038,87.07765773587688,output_Construct_Both/exp20/agricultural|FuzzyKMeans|25|1000|Euclidean|1.05|-|-|FRONT|20|400|NSGAII/results/AGRICULTURAL_NSGAII_131225_11011217409751812541518212_17_Front
21.023765996343702,78.35969431634815,output_Construct_Both/exp20/agricultural|FuzzyKMeans|25|1000|Euclidean|1.05|-|-|FRONT|20|400|NSGAII/results/AGRICULTURAL_NSGAII_131225_11011217409751812541518212_17_Front
40.078751230487974,52.301227812953066,output_Construct_Both/exp20/agricultural|FuzzyKMeans|25|1000|Euclidean|1.05|-|-|FRONT|20|400|NSGAII/results/AGRICULTURAL_NSGAII_131225_11011217409751812541518212_17_Front
0.0,100.0,output_Construct_Both/exp20/agricultural|FuzzyKMeans|25|1000|Euclidean|1.05|-|-|FRONT|20|400|NSGAII/results/AGRICULTURAL_NSGAII_131225_11011911136193754744681678_18_Front
100.0,0.0,output_Construct_Both/exp20/agricultural|FuzzyKMeans|25|1000|Euclidean|1.05|-|-|FRONT|20|400|NSGAII/results/AGRICULTURAL_NSGAII_131225_11011911136193754744681678_18_Front
85.76852763324428,7.9791460188226555,output_Construct_Both/exp20/agricultural|FuzzyKMeans|25|1000|Euclidean|1.05|-|-|FRONT|20|400|NSGAII/results/AGRICULTURAL_NSGAII_131225_11011911136193754744681678_18_Front
36.32400506257911,61.41399166168387,output_Construct_Both/exp20/agricultural|FuzzyKMeans|25|1000|Euclidean|1.05|-|-|FRONT|20|400|NSGAII/results/AGRICULTURAL_NSGAII_131225_11011911136193754744681678_18_Front
99.81718464351005,0.1715989417382615,output_Construct_Both/exp20/agricultural|FuzzyKMeans|25|1000|Euclidean|1.05|-|-|FRONT|20|400|NSGAII/results/AGRICULTURAL_NSGAII_131225_11011911136193754744681678_18_Front
61.58064969765154,34.317740627585245,output_Construct_Both/exp20/agricultural|FuzzyKMeans|25|1000|Euclidean|1.05|-|-|FRONT|20|400|NSGAII/results/AGRICULTURAL_NSGAII_131225_11011911136193754744681678_18_Front
16.551821122205038,87.07765773587688,output_Construct_Both/exp20/agricultural|FuzzyKMeans|25|1000|Euclidean|1.05|-|-|FRONT|20|400|NSGAII/results/AGRICULTURAL_NSGAII_131225_11011911136193754744681678_18_Front
2.9953593024891148,95.55644745140764,output_Construct_Both/exp20/agricultural|FuzzyKMeans|25|1000|Euclidean|1.05|-|-|FRONT|20|400|NSGAII/results/AGRICULTURAL_NSGAII_131225_11011911136193754744681678_18_Front
21.023765996343702,78.35969431634815,output_Construct_Both/exp20/agricultural|FuzzyKMeans|25|1000|Euclidean|1.05|-|-|FRONT|20|400|NSGAII/results/AGRICULTURAL_NSGAII_131225_11011911136193754744681678_18_Front
40.078751230487974,52.301227812953066,output_Construct_Both/exp20/agricultural|FuzzyKMeans|25|1000|Euclidean|1.05|-|-|FRONT|20|400|NSGAII/results/AGRICULTURAL_NSGAII_131225_11011911136193754744681678_18_Front
0.0,100.0,output_Construct_Both/exp20/agricultural|FuzzyKMeans|25|1000|Euclidean|1.05|-|-|FRONT|20|400|NSGAII/results/AGRICULTURAL_NSGAII_131225_11012862247498992030165_19_Front
100.0,0.0,output_Construct_Both/exp20/agricultural|FuzzyKMeans|25|1000|Euclidean|1.05|-|-|FRONT|20|400|NSGAII/results/AGRICULTURAL_NSGAII_131225_11012862247498992030165_19_Front
16.551821122205038,87.07765773587688,output_Construct_Both/exp20/agricultural|FuzzyKMeans|25|1000|Euclidean|1.05|-|-|FRONT|20|400|NSGAII/results/AGRICULTURAL_NSGAII_131225_11012862247498992030165_19_Front
79.25748839825623,12.373553285771637,output_Construct_Both/exp20/agricultural|FuzzyKMeans|25|1000|Euclidean|1.05|-|-|FRONT|20|400|NSGAII/results/AGRICULTURAL_NSGAII_131225_11012862247498992030165_19_Front
99.81718464351005,0.1715989417382615,output_Construct_Both/exp20/agricultural|FuzzyKMeans|25|1000|Euclidean|1.05|-|-|FRONT|20|400|NSGAII/results/AGRICULTURAL_NSGAII_131225_11012862247498992030165_19_Front
85.76852763324428,7.9791460188226555,output_Construct_Both/exp20/agricultural|FuzzyKMeans|25|1000|Euclidean|1.05|-|-|FRONT|20|400|NSGAII/results/AGRICULTURAL_NSGAII_131225_11012862247498992030165_19_Front
36.32400506257911,61.41399166168387,output_Construct_Both/exp20/agricultural|FuzzyKMeans|25|1000|Euclidean|1.05|-|-|FRONT|20|400|NSGAII/results/AGRICULTURAL_NSGAII_131225_11012862247498992030165_19_Front
61.58064969765154,34.317740627585245,output_Construct_Both/exp20/agricultural|FuzzyKMeans|25|1000|Euclidean|1.05|-|-|FRONT|20|400|NSGAII/results/AGRICULTURAL_NSGAII_131225_11012862247498992030165_19_Front
21.023765996343702,78.35969431634815,output_Construct_Both/exp20/agricultural|FuzzyKMeans|25|1000|Euclidean|1.05|-|-|FRONT|20|400|NSGAII/results/AGRICULTURAL_NSGAII_131225_11012862247498992030165_19_Front
0.0,100.0,output_Construct_Both/exp20/agricultural|FuzzyKMeans|25|1000|Euclidean|1.05|-|-|FRONT|20|400|NSGAII/results/AGRICULTURAL_NSGAII_131225_1101313619173823199925369_20_Front
100.0,0.0,output_Construct_Both/exp20/agricultural|FuzzyKMeans|25|1000|Euclidean|1.05|-|-|FRONT|20|400|NSGAII/results/AGRICULTURAL_NSGAII_131225_1101313619173823199925369_20_Front
36.32400506257911,61.41399166168387,output_Construct_Both/exp20/agricultural|FuzzyKMeans|25|1000|Euclidean|1.05|-|-|FRONT|20|400|NSGAII/results/AGRICULTURAL_NSGAII_131225_1101313619173823199925369_20_Front
79.25748839825623,12.373553285771637,output_Construct_Both/exp20/agricultural|FuzzyKMeans|25|1000|Euclidean|1.05|-|-|FRONT|20|400|NSGAII/results/AGRICULTURAL_NSGAII_131225_1101313619173823199925369_20_Front
99.81718464351005,0.1715989417382615,output_Construct_Both/exp20/agricultural|FuzzyKMeans|25|1000|Euclidean|1.05|-|-|FRONT|20|400|NSGAII/results/AGRICULTURAL_NSGAII_131225_1101313619173823199925369_20_Front
16.551821122205038,87.07765773587688,output_Construct_Both/exp20/agricultural|FuzzyKMeans|25|1000|Euclidean|1.05|-|-|FRONT|20|400|NSGAII/results/AGRICULTURAL_NSGAII_131225_1101313619173823199925369_20_Front
85.76852763324428,7.9791460188226555,output_Construct_Both/exp20/agricultural|FuzzyKMeans|25|1000|Euclidean|1.05|-|-|FRONT|20|400|NSGAII/results/AGRICULTURAL_NSGAII_131225_1101313619173823199925369_20_Front
21.023765996343702,78.35969431634815,output_Construct_Both/exp20/agricultural|FuzzyKMeans|25|1000|Euclidean|1.05|-|-|FRONT|20|400|NSGAII/results/AGRICULTURAL_NSGAII_131225_1101313619173823199925369_20_Front
22.43003796934328,73.94153349660488,output_Construct_Both/exp20/agricultural|FuzzyKMeans|25|1000|Euclidean|1.05|-|-|FRONT|20|400|NSGAII/results/AGRICULTURAL_NSGAII_131225_1101313619173823199925369_20_Front
29.64421319083112,66.29821356901225,output_Construct_Both/exp20/agricultural|DBSCAN|25|-|-|-|0.2|2|FRONT|20|400|NSGAII/results/AGRICULTURAL_NSGAII_131225_1106181698161888834891912_3_Front
65.44789762340037,28.36501838852622,output_Construct_Both/exp20/agricultural|DBSCAN|25|-|-|-|0.2|2|FRONT|20|400|NSGAII/results/AGRICULTURAL_NSGAII_131225_11063216207037553798251381_4_Front
49.95078048094502,44.94172188685117,output_Construct_Both/exp20/agricultural|DBSCAN|25|-|-|-|0.2|2|FRONT|20|400|NSGAII/results/AGRICULTURAL_NSGAII_131225_11063216207037553798251381_4_Front
29.64421319083112,66.29821356901225,output_Construct_Both/exp20/agricultural|DBSCAN|25|-|-|-|0.2|2|FRONT|20|400|NSGAII/results/AGRICULTURAL_NSGAII_131225_11063216207037553798251381_4_Front
72.6058219659682,21.94295870977254,output_Construct_Both/exp20/agricultural|DBSCAN|25|-|-|-|0.2|2|FRONT|20|400|NSGAII/results/AGRICULTURAL_NSGAII_131225_1106389996502818718311797_5_Front
40.13500210940797,52.21604265810447,output_Construct_Both/exp20/agricultural|DBSCAN|25|-|-|-|0.2|2|FRONT|20|400|NSGAII/results/AGRICULTURAL_NSGAII_131225_1106389996502818718311797_5_Front
8.606384474757421,91.96147009919156,output_Construct_Both/exp20/agricultural|DBSCAN|25|-|-|-|0.2|2|FRONT|20|400|NSGAII/results/AGRICULTURAL_NSGAII_131225_1106389996502818718311797_5_Front
25.762902545352272,68.61254679040356,output_Construct_Both/exp20/agricultural|DBSCAN|25|-|-|-|0.2|2|FRONT|20|400|NSGAII/results/AGRICULTURAL_NSGAII_131225_1106389996502818718311797_5_Front
29.64421319083112,66.29821356901225,output_Construct_Both/exp20/agricultural|DBSCAN|25|-|-|-|0.2|2|FRONT|20|400|NSGAII/results/AGRICULTURAL_NSGAII_131225_1106389996502818718311797_5_Front
65.44789762340037,28.36501838852622,output_Construct_Both/exp20/agricultural|DBSCAN|25|-|-|-|0.2|2|FRONT|20|400|NSGAII/results/AGRICULTURAL_NSGAII_131225_1106389996502818718311797_5_Front
49.95078048094502,44.94172188685117,output_Construct_Both/exp20/agricultural|DBSCAN|25|-|-|-|0.2|2|FRONT|20|400|NSGAII/results/AGRICULTURAL_NSGAII_131225_1106389996502818718311797_5_Front
0.49219519054986055,99.11087994626781,output_Construct_Both/exp20/agricultural|DBSCAN|25|-|-|-|0.2|2|FRONT|20|400|NSGAII/results/AGRICULTURAL_NSGAII_131225_1106492491521176708661215_6_Front
72.6058219659682,21.94295870977254,output_Construct_Both/exp20/agricultural|DBSCAN|25|-|-|-|0.2|2|FRONT|20|400|NSGAII/results/AGRICULTURAL_NSGAII_131225_1106492491521176708661215_6_Front
65.44789762340037,28.36501838852622,output_Construct_Both/exp20/agricultural|DBSCAN|25|-|-|-|0.2|2|FRONT|20|400|NSGAII/results/AGRICULTURAL_NSGAII_131225_1106492491521176708661215_6_Front
40.13500210940797,52.21604265810447,output_Construct_Both/exp20/agricultural|DBSCAN|25|-|-|-|0.2|2|FRONT|20|400|NSGAII/results/AGRICULTURAL_NSGAII_131225_1106492491521176708661215_6_Front
49.95078048094502,44.94172188685117,output_Construct_Both/exp20/agricultural|DBSCAN|25|-|-|-|0.2|2|FRONT|20|400|NSGAII/results/AGRICULTURAL_NSGAII_131225_1106492491521176708661215_6_Front
8.606384474757421,91.96147009919156,output_Construct_Both/exp20/agricultural|DBSCAN|25|-|-|-|0.2|2|FRONT|20|400|NSGAII/results/AGRICULTURAL_NSGAII_131225_1106492491521176708661215_6_Front
29.64421319083112,66.29821356901225,output_Construct_Both/exp20/agricultural|DBSCAN|25|-|-|-|0.2|2|FRONT|20|400|NSGAII/results/AGRICULTURAL_NSGAII_131225_1106492491521176708661215_6_Front
0.49219519054986055,99.11087994626781,output_Construct_Both/exp20/agricultural|DBSCAN|25|-|-|-|0.2|2|FRONT|20|400|NSGAII/results/AGRICULTURAL_NSGAII_131225_1106563262766586661261358_7_Front
72.6058219659682,21.94295870977254,output_Construct_Both/exp20/agricultural|DBSCAN|25|-|-|-|0.2|2|FRONT|20|400|NSGAII/results/AGRICULTURAL_NSGAII_131225_1106563262766586661261358_7_Front
68.47138236534946,24.589022582256906,output_Construct_Both/exp20/agricultural|DBSCAN|25|-|-|-|0.2|2|FRONT|20|400|NSGAII/results/AGRICULTURAL_NSGAII_131225_1106563262766586661261358_7_Front
29.64421319083112,66.29821356901225,output_Construct_Both/exp20/agricultural|DBSCAN|25|-|-|-|0.2|2|FRONT|20|400|NSGAII/results/AGRICULTURAL_NSGAII_131225_1106563262766586661261358_7_Front
65.44789762340037,28.36501838852622,output_Construct_Both/exp20/agricultural|DBSCAN|25|-|-|-|0.2|2|FRONT|20|400|NSGAII/results/AGRICULTURAL_NSGAII_131225_1106563262766586661261358_7_Front
40.13500210940797,52.21604265810447,output_Construct_Both/exp20/agricultural|DBSCAN|25|-|-|-|0.2|2|FRONT|20|400|NSGAII/results/AGRICULTURAL_NSGAII_131225_1106563262766586661261358_7_Front
0.49219519054986055,99.11087994626781,output_Construct_Both/exp20/agricultural|DBSCAN|25|-|-|-|0.2|2|FRONT|20|400|NSGAII/results/AGRICULTURAL_NSGAII_131225_1107051965631453969874191_8_Front
72.6058219659682,21.94295870977254,output_Construct_Both/exp20/agricultural|DBSCAN|25|-|-|-|0.2|2|FRONT|20|400|NSGAII/results/AGRICULTURAL_NSGAII_131225_1107051965631453969874191_8_Front
52.439881873154256,43.720461638012246,output_Construct_Both/exp20/agricultural|DBSCAN|25|-|-|-|0.2|2|FRONT|20|400|NSGAII/results/AGRICULTURAL_NSGAII_131225_1107051965631453969874191_8_Front
40.13500210940797,52.21604265810447,output_Construct_Both/exp20/agricultural|DBSCAN|25|-|-|-|0.2|2|FRONT|20|400|NSGAII/results/AGRICULTURAL_NSGAII_131225_1107051965631453969874191_8_Front
68.47138236534946,24.589022582256906,output_Construct_Both/exp20/agricultural|DBSCAN|25|-|-|-|0.2|2|FRONT|20|400|NSGAII/results/AGRICULTURAL_NSGAII_131225_1107051965631453969874191_8_Front
0.49219519054986055,99.11087994626781,output_Construct_Both/exp20/agricultural|DBSCAN|25|-|-|-|0.2|2|FRONT|20|400|NSGAII/results/AGRICULTURAL_NSGAII_131225_1107133704265550412090266_9_Front
72.6058219659682,21.94295870977254,output_Construct_Both/exp20/agricultural|DBSCAN|25|-|-|-|0.2|2|FRONT|20|400|NSGAII/results/AGRICULTURAL_NSGAII_131225_1107133704265550412090266_9_Front
40.13500210940797,52.21604265810447,output_Construct_Both/exp20/agricultural|DBSCAN|25|-|-|-|0.2|2|FRONT|20|400|NSGAII/results/AGRICULTURAL_NSGAII_131225_1107133704265550412090266_9_Front
47.06792293629587,46.367344598524,output_Construct_Both/exp20/agricultural|DBSCAN|25|-|-|-|0.2|2|FRONT|20|400|NSGAII/results/AGRICULTURAL_NSGAII_131225_1107133704265550412090266_9_Front
52.439881873154256,43.720461638012246,output_Construct_Both/exp20/agricultural|DBSCAN|25|-|-|-|0.2|2|FRONT|20|400|NSGAII/results/AGRICULTURAL_NSGAII_131225_1107133704265550412090266_9_Front
65.44789762340037,28.36501838852622,output_Construct_Both/exp20/agricultural|DBSCAN|25|-|-|-|0.2|2|FRONT|20|400|NSGAII/results/AGRICULTURAL_NSGAII_131225_1107133704265550412090266_9_Front
68.47138236534946,24.589022582256906,output_Construct_Both/exp20/agricultural|DBSCAN|25|-|-|-|0.2|2|FRONT|20|400|NSGAII/results/AGRICULTURAL_NSGAII_131225_1107133704265550412090266_9_Front
0.49219519054986055,99.11087994626781,output_Construct_Both/exp20/agricultural|DBSCAN|25|-|-|-|0.2|2|FRONT|20|400|NSGAII/results/AGRICULTURAL_NSGAII_131225_1107235097396100274900999_10_Front
72.6058219659682,21.94295870977254,output_Construct_Both/exp20/agricultural|DBSCAN|25|-|-|-|0.2|2|FRONT|20|400|NSGAII/results/AGRICULTURAL_NSGAII_131225_1107235097396100274900999_10_Front
8.057938405287585,92.2125205795867,output_Construct_Both/exp20/agricultural|DBSCAN|25|-|-|-|0.2|2|FRONT|20|400|NSGAII/results/AGRICULTURAL_NSGAII_131225_1107235097396100274900999_10_Front
40.13500210940797,52.21604265810447,output_Construct_Both/exp20/agricultural|DBSCAN|25|-|-|-|0.2|2|FRONT|20|400|NSGAII/results/AGRICULTURAL_NSGAII_131225_1107235097396100274900999_10_Front
40.14906482913796,52.20621360177577,output_Construct_Both/exp20/agricultural|DBSCAN|25|-|-|-|0.2|2|FRONT|20|400|NSGAII/results/AGRICULTURAL_NSGAII_131225_1107235097396100274900999_10_Front
0.49219519054986055,99.11087994626781,output_Construct_Both/exp20/agricultural|DBSCAN|25|-|-|-|0.2|2|FRONT|20|400|NSGAII/results/AGRICULTURAL_NSGAII_131225_1107342912051035788510287_11_Front
72.6058219659682,21.94295870977254,output_Construct_Both/exp20/agricultural|DBSCAN|25|-|-|-|0.2|2|FRONT|20|400|NSGAII/results/AGRICULTURAL_NSGAII_131225_1107342912051035788510287_11_Front
60.18844044438194,39.64345098167701,output_Construct_Both/exp20/agricultural|DBSCAN|25|-|-|-|0.2|2|FRONT|20|400|NSGAII/results/AGRICULTURAL_NSGAII_131225_1107342912051035788510287_11_Front
40.13500210940797,52.21604265810447,output_Construct_Both/exp20/agricultural|DBSCAN|25|-|-|-|0.2|2|FRONT|20|400|NSGAII/results/AGRICULTURAL_NSGAII_131225_1107342912051035788510287_11_Front
43.13036141189707,50.14129268472484,output_Construct_Both/exp20/agricultural|DBSCAN|25|-|-|-|0.2|2|FRONT|20|400|NSGAII/results/AGRICULTURAL_NSGAII_131225_1107342912051035788510287_11_Front
8.63450991421741,90.9687354099945,output_Construct_Both/exp20/agricultural|DBSCAN|25|-|-|-|0.2|2|FRONT|20|400|NSGAII/results/AGRICULTURAL_NSGAII_131225_1107342912051035788510287_11_Front
0.49219519054986055,99.11087994626781,output_Construct_Both/exp20/agricultural|DBSCAN|25|-|-|-|0.2|2|FRONT|20|400|NSGAII/results/AGRICULTURAL_NSGAII_131225_11074512287853404994058108_12_Front
72.6058219659682,21.94295870977254,output_Construct_Both/exp20/agricultural|DBSCAN|25|-|-|-|0.2|2|FRONT|20|400|NSGAII/results/AGRICULTURAL_NSGAII_131225_11074512287853404994058108_12_Front
28.462944733511463,67.31879725114058,output_Construct_Both/exp20/agricultural|DBSCAN|25|-|-|-|0.2|2|FRONT|20|400|NSGAII/results/AGRICULTURAL_NSGAII_131225_11074512287853404994058108_12_Front
40.13500210940797,52.21604265810447,output_Construct_Both/exp20/agricultural|DBSCAN|25|-|-|-|0.2|2|FRONT|20|400|NSGAII/results/AGRICULTURAL_NSGAII_131225_11074512287853404994058108_12_Front
60.18844044438194,39.64345098167701,output_Construct_Both/exp20/agricultural|DBSCAN|25|-|-|-|0.2|2|FRONT|20|400|NSGAII/results/AGRICULTURAL_NSGAII_131225_11074512287853404994058108_12_Front
43.13036141189707,50.14129268472484,output_Construct_Both/exp20/agricultural|DBSCAN|25|-|-|-|0.2|2|FRONT|20|400|NSGAII/results/AGRICULTURAL_NSGAII_131225_11074512287853404994058108_12_Front
7.1860497820278475,92.98369195737466,output_Construct_Both/exp20/agricultural|DBSCAN|25|-|-|-|0.2|2|FRONT|20|400|NSGAII/results/AGRICULTURAL_NSGAII_131225_11074512287853404994058108_12_Front
0.49219519054986055,99.11087994626781,output_Construct_Both/exp20/agricultural|DBSCAN|25|-|-|-|0.2|2|FRONT|20|400|NSGAII/results/AGRICULTURAL_NSGAII_131225_11075416278194348863151255_13_Front
72.6058219659682,21.94295870977254,output_Construct_Both/exp20/agricultural|DBSCAN|25|-|-|-|0.2|2|FRONT|20|400|NSGAII/results/AGRICULTURAL_NSGAII_131225_11075416278194348863151255_13_Front
60.18844044438194,39.64345098167701,output_Construct_Both/exp20/agricultural|DBSCAN|25|-|-|-|0.2|2|FRONT|20|400|NSGAII/results/AGRICULTURAL_NSGAII_131225_11075416278194348863151255_13_Front
40.13500210940797,52.21604265810447,output_Construct_Both/exp20/agricultural|DBSCAN|25|-|-|-|0.2|2|FRONT|20|400|NSGAII/results/AGRICULTURAL_NSGAII_131225_11075416278194348863151255_13_Front
7.1860497820278475,92.98369195737466,output_Construct_Both/exp20/agricultural|DBSCAN|25|-|-|-|0.2|2|FRONT|20|400|NSGAII/results/AGRICULTURAL_NSGAII_131225_11075416278194348863151255_13_Front
43.13036141189707,50.14129268472484,output_Construct_Both/exp20/agricultural|DBSCAN|25|-|-|-|0.2|2|FRONT|20|400|NSGAII/results/AGRICULTURAL_NSGAII_131225_11075416278194348863151255_13_Front
28.462944733511463,67.31879725114058,output_Construct_Both/exp20/agricultural|DBSCAN|25|-|-|-|0.2|2|FRONT|20|400|NSGAII/results/AGRICULTURAL_NSGAII_131225_11075416278194348863151255_13_Front
0.49219519054986055,99.11087994626781,output_Construct_Both/exp20/agricultural|DBSCAN|25|-|-|-|0.2|2|FRONT|20|400|NSGAII/results/AGRICULTURAL_NSGAII_131225_11080414345706259397465911_14_Front
72.6058219659682,21.94295870977254,output_Construct_Both/exp20/agricultural|DBSCAN|25|-|-|-|0.2|2|FRONT|20|400|NSGAII/results/AGRICULTURAL_NSGAII_131225_11080414345706259397465911_14_Front
28.462944733511463,67.31879725114058,output_Construct_Both/exp20/agricultural|DBSCAN|25|-|-|-|0.2|2|FRONT|20|400|NSGAII/results/AGRICULTURAL_NSGAII_131225_11080414345706259397465911_14_Front
7.1860497820278475,92.98369195737466,output_Construct_Both/exp20/agricultural|DBSCAN|25|-|-|-|0.2|2|FRONT|20|400|NSGAII/results/AGRICULTURAL_NSGAII_131225_11080414345706259397465911_14_Front
3.07973562086908,95.43972740750448,output_Construct_Both/exp20/agricultural|DBSCAN|25|-|-|-|0.2|2|FRONT|20|400|NSGAII/results/AGRICULTURAL_NSGAII_131225_11080414345706259397465911_14_Front
60.18844044438194,39.64345098167701,output_Construct_Both/exp20/agricultural|DBSCAN|25|-|-|-|0.2|2|FRONT|20|400|NSGAII/results/AGRICULTURAL_NSGAII_131225_11080414345706259397465911_14_Front
0.49219519054986055,99.11087994626781,output_Construct_Both/exp20/agricultural|DBSCAN|25|-|-|-|0.2|2|FRONT|20|400|NSGAII/results/AGRICULTURAL_NSGAII_131225_11081112684307938093834111_15_Front
72.6058219659682,21.94295870977254,output_Construct_Both/exp20/agricultural|DBSCAN|25|-|-|-|0.2|2|FRONT|20|400|NSGAII/results/AGRICULTURAL_NSGAII_131225_11081112684307938093834111_15_Front
28.462944733511463,67.31879725114058,output_Construct_Both/exp20/agricultural|DBSCAN|25|-|-|-|0.2|2|FRONT|20|400|NSGAII/results/AGRICULTURAL_NSGAII_131225_11081112684307938093834111_15_Front
65.44789762340037,28.36501838852622,output_Construct_Both/exp20/agricultural|DBSCAN|25|-|-|-|0.2|2|FRONT|20|400|NSGAII/results/AGRICULTURAL_NSGAII_131225_11081112684307938093834111_15_Front
16.537758402475042,87.08584861615077,output_Construct_Both/exp20/agricultural|DBSCAN|25|-|-|-|0.2|2|FRONT|20|400|NSGAII/results/AGRICULTURAL_NSGAII_131225_11081112684307938093834111_15_Front
7.1860497820278475,92.98369195737466,output_Construct_Both/exp20/agricultural|DBSCAN|25|-|-|-|0.2|2|FRONT|20|400|NSGAII/results/AGRICULTURAL_NSGAII_131225_11081112684307938093834111_15_Front
0.49219519054986055,99.11087994626781,output_Construct_Both/exp20/agricultural|DBSCAN|25|-|-|-|0.2|2|FRONT|20|400|NSGAII/results/AGRICULTURAL_NSGAII_131225_11081811759077125989840687_16_Front
72.6058219659682,21.94295870977254,output_Construct_Both/exp20/agricultural|DBSCAN|25|-|-|-|0.2|2|FRONT|20|400|NSGAII/results/AGRICULTURAL_NSGAII_131225_11081811759077125989840687_16_Front
7.1860497820278475,92.98369195737466,output_Construct_Both/exp20/agricultural|DBSCAN|25|-|-|-|0.2|2|FRONT|20|400|NSGAII/results/AGRICULTURAL_NSGAII_131225_11081811759077125989840687_16_Front
43.819434678666866,49.78949437696068,output_Construct_Both/exp20/agricultural|DBSCAN|25|-|-|-|0.2|2|FRONT|20|400|NSGAII/results/AGRICULTURAL_NSGAII_131225_11081811759077125989840687_16_Front
28.462944733511463,67.31879725114058,output_Construct_Both/exp20/agricultural|DBSCAN|25|-|-|-|0.2|2|FRONT|20|400|NSGAII/results/AGRICULTURAL_NSGAII_131225_11081811759077125989840687_16_Front
39.164674448038255,60.20133183713256,output_Construct_Both/exp20/agricultural|DBSCAN|25|-|-|-|0.2|2|FRONT|20|400|NSGAII/results/AGRICULTURAL_NSGAII_131225_11081811759077125989840687_16_Front
65.44789762340037,28.36501838852622,output_Construct_Both/exp20/agricultural|DBSCAN|25|-|-|-|0.2|2|FRONT|20|400|NSGAII/results/AGRICULTURAL_NSGAII_131225_11081811759077125989840687_16_Front
49.627337927155125,45.10676812437032,output_Construct_Both/exp20/agricultural|DBSCAN|25|-|-|-|0.2|2|FRONT|20|400|NSGAII/results/AGRICULTURAL_NSGAII_131225_11081811759077125989840687_16_Front
16.537758402475042,87.08584861615077,output_Construct_Both/exp20/agricultural|DBSCAN|25|-|-|-|0.2|2|FRONT|20|400|NSGAII/results/AGRICULTURAL_NSGAII_131225_11081811759077125989840687_16_Front
0.09843903810997523,99.87795588391887,output_Construct_Both/exp20/agricultural|DBSCAN|25|-|-|-|0.2|2|FRONT|20|400|NSGAII/results/AGRICULTURAL_NSGAII_131225_1108314668854427559192831_17_Front
72.6058219659682,21.94295870977254,output_Construct_Both/exp20/agricultural|DBSCAN|25|-|-|-|0.2|2|FRONT|20|400|NSGAII/results/AGRICULTURAL_NSGAII_131225_1108314668854427559192831_17_Front
21.094079594993673,78.26263238510244,output_Construct_Both/exp20/agricultural|DBSCAN|25|-|-|-|0.2|2|FRONT|20|400|NSGAII/results/AGRICULTURAL_NSGAII_131225_1108314668854427559192831_17_Front
49.627337927155125,45.10676812437032,output_Construct_Both/exp20/agricultural|DBSCAN|25|-|-|-|0.2|2|FRONT|20|400|NSGAII/results/AGRICULTURAL_NSGAII_131225_1108314668854427559192831_17_Front
39.164674448038255,60.20133183713256,output_Construct_Both/exp20/agricultural|DBSCAN|25|-|-|-|0.2|2|FRONT|20|400|NSGAII/results/AGRICULTURAL_NSGAII_131225_1108314668854427559192831_17_Front
65.44789762340037,28.36501838852622,output_Construct_Both/exp20/agricultural|DBSCAN|25|-|-|-|0.2|2|FRONT|20|400|NSGAII/results/AGRICULTURAL_NSGAII_131225_1108314668854427559192831_17_Front
16.537758402475042,87.08584861615077,output_Construct_Both/exp20/agricultural|DBSCAN|25|-|-|-|0.2|2|FRONT|20|400|NSGAII/results/AGRICULTURAL_NSGAII_131225_1108314668854427559192831_17_Front
43.819434678666866,49.78949437696068,output_Construct_Both/exp20/agricultural|DBSCAN|25|-|-|-|0.2|2|FRONT|20|400|NSGAII/results/AGRICULTURAL_NSGAII_131225_1108314668854427559192831_17_Front
28.462944733511463,67.31879725114058,output_Construct_Both/exp20/agricultural|DBSCAN|25|-|-|-|0.2|2|FRONT|20|400|NSGAII/results/AGRICULTURAL_NSGAII_131225_1108314668854427559192831_17_Front
46.82885670088596,47.179879921695175,output_Construct_Both/exp20/agricultural|DBSCAN|25|-|-|-|0.2|2|FRONT|20|400|NSGAII/results/AGRICULTURAL_NSGAII_131225_1108314668854427559192831_17_Front
7.1860497820278475,92.98369195737466,output_Construct_Both/exp20/agricultural|DBSCAN|25|-|-|-|0.2|2|FRONT|20|400|NSGAII/results/AGRICULTURAL_NSGAII_131225_1108314668854427559192831_17_Front
0.09843903810997523,99.87795588391887,output_Construct_Both/exp20/agricultural|DBSCAN|25|-|-|-|0.2|2|FRONT|20|400|NSGAII/results/AGRICULTURAL_NSGAII_131225_11083417049272209536108981_18_Front
72.6058219659682,21.94295870977254,output_Construct_Both/exp20/agricultural|DBSCAN|25|-|-|-|0.2|2|FRONT|20|400|NSGAII/results/AGRICULTURAL_NSGAII_131225_11083417049272209536108981_18_Front
16.537758402475042,87.08584861615077,output_Construct_Both/exp20/agricultural|DBSCAN|25|-|-|-|0.2|2|FRONT|20|400|NSGAII/results/AGRICULTURAL_NSGAII_131225_11083417049272209536108981_18_Front
7.1860497820278475,92.98369195737466,output_Construct_Both/exp20/agricultural|DBSCAN|25|-|-|-|0.2|2|FRONT|20|400|NSGAII/results/AGRICULTURAL_NSGAII_131225_11083417049272209536108981_18_Front
28.462944733511463,67.31879725114058,output_Construct_Both/exp20/agricultural|DBSCAN|25|-|-|-|0.2|2|FRONT|20|400|NSGAII/results/AGRICULTURAL_NSGAII_131225_11083417049272209536108981_18_Front
21.094079594993673,78.26263238510244,output_Construct_Both/exp20/agricultural|DBSCAN|25|-|-|-|0.2|2|FRONT|20|400|NSGAII/results/AGRICULTURAL_NSGAII_131225_11083417049272209536108981_18_Front
39.164674448038255,60.20133183713256,output_Construct_Both/exp20/agricultural|DBSCAN|25|-|-|-|0.2|2|FRONT|20|400|NSGAII/results/AGRICULTURAL_NSGAII_131225_11083417049272209536108981_18_Front
49.627337927155125,45.10676812437032,output_Construct_Both/exp20/agricultural|DBSCAN|25|-|-|-|0.2|2|FRONT|20|400|NSGAII/results/AGRICULTURAL_NSGAII_131225_11083417049272209536108981_18_Front
19.926873857404026,85.86458836731185,output_Construct_Both/exp20/agricultural|DBSCAN|25|-|-|-|0.2|2|FRONT|20|400|NSGAII/results/AGRICULTURAL_NSGAII_131225_11083417049272209536108981_18_Front
63.141611587681055,29.953230073636018,output_Construct_Both/exp20/agricultural|DBSCAN|25|-|-|-|0.2|2|FRONT|20|400|NSGAII/results/AGRICULTURAL_NSGAII_131225_11083417049272209536108981_18_Front
70.44016312754889,23.329265196130645,output_Construct_Both/exp20/agricultural|DBSCAN|25|-|-|-|0.2|2|FRONT|20|400|NSGAII/results/AGRICULTURAL_NSGAII_131225_11083417049272209536108981_18_Front
0.09843903810997523,99.87795588391887,output_Construct_Both/exp20/agricultural|DBSCAN|25|-|-|-|0.2|2|FRONT|20|400|NSGAII/results/AGRICULTURAL_NSGAII_131225_11084218287553854472476298_19_Front
72.6058219659682,21.94295870977254,output_Construct_Both/exp20/agricultural|DBSCAN|25|-|-|-|0.2|2|FRONT|20|400|NSGAII/results/AGRICULTURAL_NSGAII_131225_11084218287553854472476298_19_Front
39.164674448038255,60.20133183713256,output_Construct_Both/exp20/agricultural|DBSCAN|25|-|-|-|0.2|2|FRONT|20|400|NSGAII/results/AGRICULTURAL_NSGAII_131225_11084218287553854472476298_19_Front
49.627337927155125,45.10676812437032,output_Construct_Both/exp20/agricultural|DBSCAN|25|-|-|-|0.2|2|FRONT|20|400|NSGAII/results/AGRICULTURAL_NSGAII_131225_11084218287553854472476298_19_Front
16.537758402475042,87.08584861615077,output_Construct_Both/exp20/agricultural|DBSCAN|25|-|-|-|0.2|2|FRONT|20|400|NSGAII/results/AGRICULTURAL_NSGAII_131225_11084218287553854472476298_19_Front
7.1860497820278475,92.98369195737466,output_Construct_Both/exp20/agricultural|DBSCAN|25|-|-|-|0.2|2|FRONT|20|400|NSGAII/results/AGRICULTURAL_NSGAII_131225_11084218287553854472476298_19_Front
8.63450991421741,90.9687354099945,output_Construct_Both/exp20/agricultural|DBSCAN|25|-|-|-|0.2|2|FRONT|20|400|NSGAII/results/AGRICULTURAL_NSGAII_131225_11084218287553854472476298_19_Front
28.462944733511463,67.31879725114058,output_Construct_Both/exp20/agricultural|DBSCAN|25|-|-|-|0.2|2|FRONT|20|400|NSGAII/results/AGRICULTURAL_NSGAII_131225_11084218287553854472476298_19_Front
21.094079594993673,78.26263238510244,output_Construct_Both/exp20/agricultural|DBSCAN|25|-|-|-|0.2|2|FRONT|20|400|NSGAII/results/AGRICULTURAL_NSGAII_131225_11084218287553854472476298_19_Front
63.141611587681055,29.953230073636018,output_Construct_Both/exp20/agricultural|DBSCAN|25|-|-|-|0.2|2|FRONT|20|400|NSGAII/results/AGRICULTURAL_NSGAII_131225_11084218287553854472476298_19_Front
0.09843903810997523,99.87795588391887,output_Construct_Both/exp20/agricultural|DBSCAN|25|-|-|-|0.2|2|FRONT|20|400|NSGAII/results/AGRICULTURAL_NSGAII_131225_1108503028343171961634152_20_Front
72.6058219659682,21.94295870977254,output_Construct_Both/exp20/agricultural|DBSCAN|25|-|-|-|0.2|2|FRONT|20|400|NSGAII/results/AGRICULTURAL_NSGAII_131225_1108503028343171961634152_20_Front
43.13036141189707,50.14129268472484,output_Construct_Both/exp20/agricultural|DBSCAN|25|-|-|-|0.2|2|FRONT|20|400|NSGAII/results/AGRICULTURAL_NSGAII_131225_1108503028343171961634152_20_Front
39.164674448038255,60.20133183713256,output_Construct_Both/exp20/agricultural|DBSCAN|25|-|-|-|0.2|2|FRONT|20|400|NSGAII/results/AGRICULTURAL_NSGAII_131225_1108503028343171961634152_20_Front
8.63450991421741,90.9687354099945,output_Construct_Both/exp20/agricultural|DBSCAN|25|-|-|-|0.2|2|FRONT|20|400|NSGAII/results/AGRICULTURAL_NSGAII_131225_1108503028343171961634152_20_Front
16.537758402475042,87.08584861615077,output_Construct_Both/exp20/agricultural|DBSCAN|25|-|-|-|0.2|2|FRONT|20|400|NSGAII/results/AGRICULTURAL_NSGAII_131225_1108503028343171961634152_20_Front
63.141611587681055,29.953230073636018,output_Construct_Both/exp20/agricultural|DBSCAN|25|-|-|-|0.2|2|FRONT|20|400|NSGAII/results/AGRICULTURAL_NSGAII_131225_1108503028343171961634152_20_Front
21.094079594993673,78.26263238510244,output_Construct_Both/exp20/agricultural|DBSCAN|25|-|-|-|0.2|2|FRONT|20|400|NSGAII/results/AGRICULTURAL_NSGAII_131225_1108503028343171961634152_20_Front
36.30994234284912,61.4209539099167,output_Construct_Both/exp20/agricultural|DBSCAN|25|-|-|-|0.2|2|FRONT|20|400|NSGAII/results/AGRICULTURAL_NSGAII_131225_1108503028343171961634152_20_Front
49.627337927155125,45.10676812437032,output_Construct_Both/exp20/agricultural|DBSCAN|25|-|-|-|0.2|2|FRONT|20|400|NSGAII/results/AGRICULTURAL_NSGAII_131225_1108503028343171961634152_20_Front
0.084376318379981,99.8890135722886,output_Construct_Both/exp20/agricultural|Random|100|-|-|-|-|-|FRONT|20|400|NSGAII/results/AGRICULTURAL_NSGAII_131225_11113914354253679976219214_1_Front
25.017578399662497,69.38535634424633,output_Construct_Both/exp20/agricultural|Random|100|-|-|-|-|-|FRONT|20|400|NSGAII/results/AGRICULTURAL_NSGAII_131225_11113914354253679976219214_1_Front
40.191252988327946,52.17181190462541,output_Construct_Both/exp20/agricultural|Random|100|-|-|-|-|-|FRONT|20|400|NSGAII/results/AGRICULTURAL_NSGAII_131225_11113914354253679976219214_1_Front
29.672338630291108,64.92050750694177,output_Construct_Both/exp20/agricultural|Random|100|-|-|-|-|-|FRONT|20|400|NSGAII/results/AGRICULTURAL_NSGAII_131225_11113914354253679976219214_1_Front
31.06454788356069,63.90770516107365,output_Construct_Both/exp20/agricultural|Random|100|-|-|-|-|-|FRONT|20|400|NSGAII/results/AGRICULTURAL_NSGAII_131225_11113914354253679976219214_1_Front
0.084376318379981,99.8890135722886,output_Construct_Both/exp20/agricultural|Random|100|-|-|-|-|-|FRONT|20|400|NSGAII/results/AGRICULTURAL_NSGAII_131225_11115917353707520529383355_2_Front
9.604837575587123,89.77696233014161,output_Construct_Both/exp20/agricultural|Random|100|-|-|-|-|-|FRONT|20|400|NSGAII/results/AGRICULTURAL_NSGAII_131225_11115917353707520529383355_2_Front
40.13500210940797,52.21604265810447,output_Construct_Both/exp20/agricultural|Random|100|-|-|-|-|-|FRONT|20|400|NSGAII/results/AGRICULTURAL_NSGAII_131225_11115917353707520529383355_2_Front
31.06454788356069,63.90770516107365,output_Construct_Both/exp20/agricultural|Random|100|-|-|-|-|-|FRONT|20|400|NSGAII/results/AGRICULTURAL_NSGAII_131225_11115917353707520529383355_2_Front
25.00351567993251,69.39231859247914,output_Construct_Both/exp20/agricultural|Random|100|-|-|-|-|-|FRONT|20|400|NSGAII/results/AGRICULTURAL_NSGAII_131225_11115917353707520529383355_2_Front
26.466038531852064,68.37992579062472,output_Construct_Both/exp20/agricultural|Random|100|-|-|-|-|-|FRONT|20|400|NSGAII/results/AGRICULTURAL_NSGAII_131225_11115917353707520529383355_2_Front
29.672338630291108,64.92050750694177,output_Construct_Both/exp20/agricultural|Random|100|-|-|-|-|-|FRONT|20|400|NSGAII/results/AGRICULTURAL_NSGAII_131225_11115917353707520529383355_2_Front
0.084376318379981,99.8890135722886,output_Construct_Both/exp20/agricultural|Random|100|-|-|-|-|-|FRONT|20|400|NSGAII/results/AGRICULTURAL_NSGAII_131225_1112096309474765666127916_3_Front
40.13500210940797,52.21604265810447,output_Construct_Both/exp20/agricultural|Random|100|-|-|-|-|-|FRONT|20|400|NSGAII/results/AGRICULTURAL_NSGAII_131225_1112096309474765666127916_3_Front
16.84713823653495,86.61323482434659,output_Construct_Both/exp20/agricultural|Random|100|-|-|-|-|-|FRONT|20|400|NSGAII/results/AGRICULTURAL_NSGAII_131225_1112096309474765666127916_3_Front
31.06454788356069,63.90770516107365,output_Construct_Both/exp20/agricultural|Random|100|-|-|-|-|-|FRONT|20|400|NSGAII/results/AGRICULTURAL_NSGAII_131225_1112096309474765666127916_3_Front
9.604837575587123,89.77696233014161,output_Construct_Both/exp20/agricultural|Random|100|-|-|-|-|-|FRONT|20|400|NSGAII/results/AGRICULTURAL_NSGAII_131225_1112096309474765666127916_3_Front
25.00351567993251,69.39231859247914,output_Construct_Both/exp20/agricultural|Random|100|-|-|-|-|-|FRONT|20|400|NSGAII/results/AGRICULTURAL_NSGAII_131225_1112096309474765666127916_3_Front
10.617353396146816,89.37929509284363,output_Construct_Both/exp20/agricultural|Random|100|-|-|-|-|-|FRONT|20|400|NSGAII/results/AGRICULTURAL_NSGAII_131225_1112096309474765666127916_3_Front
0.084376318379981,99.8890135722886,output_Construct_Both/exp20/agricultural|Random|100|-|-|-|-|-|FRONT|20|400|NSGAII/results/AGRICULTURAL_NSGAII_131225_1112208833115855724037749_4_Front
43.79130923920686,50.132282716423525,output_Construct_Both/exp20/agricultural|Random|100|-|-|-|-|-|FRONT|20|400|NSGAII/results/AGRICULTURAL_NSGAII_131225_1112208833115855724037749_4_Front
31.06454788356069,63.90770516107365,output_Construct_Both/exp20/agricultural|Random|100|-|-|-|-|-|FRONT|20|400|NSGAII/results/AGRICULTURAL_NSGAII_131225_1112208833115855724037749_4_Front
16.84713823653495,86.61323482434659,output_Construct_Both/exp20/agricultural|Random|100|-|-|-|-|-|FRONT|20|400|NSGAII/results/AGRICULTURAL_NSGAII_131225_1112208833115855724037749_4_Front
40.13500210940797,52.21604265810447,output_Construct_Both/exp20/agricultural|Random|100|-|-|-|-|-|FRONT|20|400|NSGAII/results/AGRICULTURAL_NSGAII_131225_1112208833115855724037749_4_Front
26.466038531852064,68.37992579062472,output_Construct_Both/exp20/agricultural|Random|100|-|-|-|-|-|FRONT|20|400|NSGAII/results/AGRICULTURAL_NSGAII_131225_1112208833115855724037749_4_Front
10.617353396146816,89.37929509284363,output_Construct_Both/exp20/agricultural|Random|100|-|-|-|-|-|FRONT|20|400|NSGAII/results/AGRICULTURAL_NSGAII_131225_1112208833115855724037749_4_Front
0.084376318379981,99.8890135722886,output_Construct_Both/exp20/agricultural|Random|100|-|-|-|-|-|FRONT|20|400|NSGAII/results/AGRICULTURAL_NSGAII_131225_1112324629348582159469848_5_Front
10.617353396146816,89.37929509284363,output_Construct_Both/exp20/agricultural|Random|100|-|-|-|-|-|FRONT|20|400|NSGAII/results/AGRICULTURAL_NSGAII_131225_1112324629348582159469848_5_Front
31.06454788356069,63.90770516107365,output_Construct_Both/exp20/agricultural|Random|100|-|-|-|-|-|FRONT|20|400|NSGAII/results/AGRICULTURAL_NSGAII_131225_1112324629348582159469848_5_Front
16.84713823653495,86.61323482434659,output_Construct_Both/exp20/agricultural|Random|100|-|-|-|-|-|FRONT|20|400|NSGAII/results/AGRICULTURAL_NSGAII_131225_1112324629348582159469848_5_Front
26.466038531852064,68.37992579062472,output_Construct_Both/exp20/agricultural|Random|100|-|-|-|-|-|FRONT|20|400|NSGAII/results/AGRICULTURAL_NSGAII_131225_1112324629348582159469848_5_Front
40.13500210940797,52.21604265810447,output_Construct_Both/exp20/agricultural|Random|100|-|-|-|-|-|FRONT|20|400|NSGAII/results/AGRICULTURAL_NSGAII_131225_1112324629348582159469848_5_Front
0.084376318379981,99.8890135722886,output_Construct_Both/exp20/agricultural|Random|100|-|-|-|-|-|FRONT|20|400|NSGAII/results/AGRICULTURAL_NSGAII_131225_1112388168548412370708057_6_Front
8.522008156377456,92.12037317650525,output_Construct_Both/exp20/agricultural|Random|100|-|-|-|-|-|FRONT|20|400|NSGAII/results/AGRICULTURAL_NSGAII_131225_1112388168548412370708057_6_Front
40.13500210940797,52.21604265810447,output_Construct_Both/exp20/agricultural|Random|100|-|-|-|-|-|FRONT|20|400|NSGAII/results/AGRICULTURAL_NSGAII_131225_1112388168548412370708057_6_Front
10.617353396146816,89.37929509284363,output_Construct_Both/exp20/agricultural|Random|100|-|-|-|-|-|FRONT|20|400|NSGAII/results/AGRICULTURAL_NSGAII_131225_1112388168548412370708057_6_Front
16.90338911545494,86.5771949511414,output_Construct_Both/exp20/agricultural|Random|100|-|-|-|-|-|FRONT|20|400|NSGAII/results/AGRICULTURAL_NSGAII_131225_1112388168548412370708057_6_Front
29.320770637041203,66.92194910186998,output_Construct_Both/exp20/agricultural|Random|100|-|-|-|-|-|FRONT|20|400|NSGAII/results/AGRICULTURAL_NSGAII_131225_1112388168548412370708057_6_Front
26.466038531852064,68.37992579062472,output_Construct_Both/exp20/agricultural|Random|100|-|-|-|-|-|FRONT|20|400|NSGAII/results/AGRICULTURAL_NSGAII_131225_1112388168548412370708057_6_Front
31.0082970046407,63.94456412230621,output_Construct_Both/exp20/agricultural|Random|100|-|-|-|-|-|FRONT|20|400|NSGAII/results/AGRICULTURAL_NSGAII_131225_1112388168548412370708057_6_Front
0.084376318379981,99.8890135722886,output_Construct_Both/exp20/agricultural|Random|100|-|-|-|-|-|FRONT|20|400|NSGAII/results/AGRICULTURAL_NSGAII_131225_11125416361595694089933843_7_Front
16.90338911545494,86.5771949511414,output_Construct_Both/exp20/agricultural|Random|100|-|-|-|-|-|FRONT|20|400|NSGAII/results/AGRICULTURAL_NSGAII_131225_11125416361595694089933843_7_Front
10.617353396146816,89.37929509284363,output_Construct_Both/exp20/agricultural|Random|100|-|-|-|-|-|FRONT|20|400|NSGAII/results/AGRICULTURAL_NSGAII_131225_11125416361595694089933843_7_Front
13.865841653775842,87.6481525469542,output_Construct_Both/exp20/agricultural|Random|100|-|-|-|-|-|FRONT|20|400|NSGAII/results/AGRICULTURAL_NSGAII_131225_11125416361595694089933843_7_Front
43.819434678666866,49.78949437696068,output_Construct_Both/exp20/agricultural|Random|100|-|-|-|-|-|FRONT|20|400|NSGAII/results/AGRICULTURAL_NSGAII_131225_11125416361595694089933843_7_Front
25.073829278582476,69.34808783900004,output_Construct_Both/exp20/agricultural|Random|100|-|-|-|-|-|FRONT|20|400|NSGAII/results/AGRICULTURAL_NSGAII_131225_11125416361595694089933843_7_Front
40.13500210940797,52.21604265810447,output_Construct_Both/exp20/agricultural|Random|100|-|-|-|-|-|FRONT|20|400|NSGAII/results/AGRICULTURAL_NSGAII_131225_11125416361595694089933843_7_Front
29.320770637041203,66.92194910186998,output_Construct_Both/exp20/agricultural|Random|100|-|-|-|-|-|FRONT|20|400|NSGAII/results/AGRICULTURAL_NSGAII_131225_11125416361595694089933843_7_Front
31.0082970046407,63.94456412230621,output_Construct_Both/exp20/agricultural|Random|100|-|-|-|-|-|FRONT|20|400|NSGAII/results/AGRICULTURAL_NSGAII_131225_11125416361595694089933843_7_Front
0.084376318379981,99.8890135722886,output_Construct_Both/exp20/agricultural|Random|100|-|-|-|-|-|FRONT|20|400|NSGAII/results/AGRICULTURAL_NSGAII_131225_1113127867876134901302025_8_Front
16.90338911545494,86.5771949511414,output_Construct_Both/exp20/agricultural|Random|100|-|-|-|-|-|FRONT|20|400|NSGAII/results/AGRICULTURAL_NSGAII_131225_1113127867876134901302025_8_Front
25.073829278582476,69.34808783900004,output_Construct_Both/exp20/agricultural|Random|100|-|-|-|-|-|FRONT|20|400|NSGAII/results/AGRICULTURAL_NSGAII_131225_1113127867876134901302025_8_Front
31.0082970046407,63.94456412230621,output_Construct_Both/exp20/agricultural|Random|100|-|-|-|-|-|FRONT|20|400|NSGAII/results/AGRICULTURAL_NSGAII_131225_1113127867876134901302025_8_Front
13.865841653775842,87.6481525469542,output_Construct_Both/exp20/agricultural|Random|100|-|-|-|-|-|FRONT|20|400|NSGAII/results/AGRICULTURAL_NSGAII_131225_1113127867876134901302025_8_Front
40.13500210940797,52.21604265810447,output_Construct_Both/exp20/agricultural|Random|100|-|-|-|-|-|FRONT|20|400|NSGAII/results/AGRICULTURAL_NSGAII_131225_1113127867876134901302025_8_Front
43.819434678666866,49.78949437696068,output_Construct_Both/exp20/agricultural|Random|100|-|-|-|-|-|FRONT|20|400|NSGAII/results/AGRICULTURAL_NSGAII_131225_1113127867876134901302025_8_Front
29.250457038391232,66.96617985534904,output_Construct_Both/exp20/agricultural|Random|100|-|-|-|-|-|FRONT|20|400|NSGAII/results/AGRICULTURAL_NSGAII_131225_1113127867876134901302025_8_Front
10.617353396146816,89.37929509284363,output_Construct_Both/exp20/agricultural|Random|100|-|-|-|-|-|FRONT|20|400|NSGAII/results/AGRICULTURAL_NSGAII_131225_1113127867876134901302025_8_Front
0.084376318379981,99.8890135722886,output_Construct_Both/exp20/agricultural|Random|100|-|-|-|-|-|FRONT|20|400|NSGAII/results/AGRICULTURAL_NSGAII_131225_11132015004609612192891432_9_Front
25.073829278582476,69.34808783900004,output_Construct_Both/exp20/agricultural|Random|100|-|-|-|-|-|FRONT|20|400|NSGAII/results/AGRICULTURAL_NSGAII_131225_11132015004609612192891432_9_Front
16.90338911545494,86.5771949511414,output_Construct_Both/exp20/agricultural|Random|100|-|-|-|-|-|FRONT|20|400|NSGAII/results/AGRICULTURAL_NSGAII_131225_11132015004609612192891432_9_Front
22.500351567993253,73.82194664460589,output_Construct_Both/exp20/agricultural|Random|100|-|-|-|-|-|FRONT|20|400|NSGAII/results/AGRICULTURAL_NSGAII_131225_11132015004609612192891432_9_Front
36.38025594149909,61.37877087650608,output_Construct_Both/exp20/agricultural|Random|100|-|-|-|-|-|FRONT|20|400|NSGAII/results/AGRICULTURAL_NSGAII_131225_11132015004609612192891432_9_Front
10.617353396146816,89.37929509284363,output_Construct_Both/exp20/agricultural|Random|100|-|-|-|-|-|FRONT|20|400|NSGAII/results/AGRICULTURAL_NSGAII_131225_11132015004609612192891432_9_Front
40.13500210940797,52.21604265810447,output_Construct_Both/exp20/agricultural|Random|100|-|-|-|-|-|FRONT|20|400|NSGAII/results/AGRICULTURAL_NSGAII_131225_11132015004609612192891432_9_Front
13.865841653775842,87.6481525469542,output_Construct_Both/exp20/agricultural|Random|100|-|-|-|-|-|FRONT|20|400|NSGAII/results/AGRICULTURAL_NSGAII_131225_11132015004609612192891432_9_Front
32.9911404865701,62.84739570961692,output_Construct_Both/exp20/agricultural|Random|100|-|-|-|-|-|FRONT|20|400|NSGAII/results/AGRICULTURAL_NSGAII_131225_11132015004609612192891432_9_Front
43.819434678666866,49.78949437696068,output_Construct_Both/exp20/agricultural|Random|100|-|-|-|-|-|FRONT|20|400|NSGAII/results/AGRICULTURAL_NSGAII_131225_11132015004609612192891432_9_Front
0.084376318379981,99.8890135722886,output_Construct_Both/exp20/agricultural|Random|100|-|-|-|-|-|FRONT|20|400|NSGAII/results/AGRICULTURAL_NSGAII_131225_1113351301255025174381322_10_Front
49.96484320067501,44.93475963861835,output_Construct_Both/exp20/agricultural|Random|100|-|-|-|-|-|FRONT|20|400|NSGAII/results/AGRICULTURAL_NSGAII_131225_1113351301255025174381322_10_Front
3.1641119392490613,95.40655434239518,output_Construct_Both/exp20/agricultural|Random|100|-|-|-|-|-|FRONT|20|400|NSGAII/results/AGRICULTURAL_NSGAII_131225_1113351301255025174381322_10_Front
25.073829278582476,69.34808783900004,output_Construct_Both/exp20/agricultural|Random|100|-|-|-|-|-|FRONT|20|400|NSGAII/results/AGRICULTURAL_NSGAII_131225_1113351301255025174381322_10_Front
16.90338911545494,86.5771949511414,output_Construct_Both/exp20/agricultural|Random|100|-|-|-|-|-|FRONT|20|400|NSGAII/results/AGRICULTURAL_NSGAII_131225_1113351301255025174381322_10_Front
22.500351567993253,73.82194664460589,output_Construct_Both/exp20/agricultural|Random|100|-|-|-|-|-|FRONT|20|400|NSGAII/results/AGRICULTURAL_NSGAII_131225_1113351301255025174381322_10_Front
10.617353396146816,89.37929509284363,output_Construct_Both/exp20/agricultural|Random|100|-|-|-|-|-|FRONT|20|400|NSGAII/results/AGRICULTURAL_NSGAII_131225_1113351301255025174381322_10_Front
40.13500210940797,52.21604265810447,output_Construct_Both/exp20/agricultural|Random|100|-|-|-|-|-|FRONT|20|400|NSGAII/results/AGRICULTURAL_NSGAII_131225_1113351301255025174381322_10_Front
36.38025594149909,61.37877087650608,output_Construct_Both/exp20/agricultural|Random|100|-|-|-|-|-|FRONT|20|400|NSGAII/results/AGRICULTURAL_NSGAII_131225_1113351301255025174381322_10_Front
13.865841653775842,87.6481525469542,output_Construct_Both/exp20/agricultural|Random|100|-|-|-|-|-|FRONT|20|400|NSGAII/results/AGRICULTURAL_NSGAII_131225_1113351301255025174381322_10_Front
31.06454788356069,63.90770516107365,output_Construct_Both/exp20/agricultural|Random|100|-|-|-|-|-|FRONT|20|400|NSGAII/results/AGRICULTURAL_NSGAII_131225_1113351301255025174381322_10_Front
32.9911404865701,62.84739570961692,output_Construct_Both/exp20/agricultural|Random|100|-|-|-|-|-|FRONT|20|400|NSGAII/results/AGRICULTURAL_NSGAII_131225_1113351301255025174381322_10_Front
43.819434678666866,49.78949437696068,output_Construct_Both/exp20/agricultural|Random|100|-|-|-|-|-|FRONT|20|400|NSGAII/results/AGRICULTURAL_NSGAII_131225_1113351301255025174381322_10_Front
0.084376318379981,99.8890135722886,output_Construct_Both/exp20/agricultural|Random|100|-|-|-|-|-|FRONT|20|400|NSGAII/results/AGRICULTURAL_NSGAII_131225_1113594648650347582052087_11_Front
50.007031359864996,44.898719765413205,output_Construct_Both/exp20/agricultural|Random|100|-|-|-|-|-|FRONT|20|400|NSGAII/results/AGRICULTURAL_NSGAII_131225_1113594648650347582052087_11_Front
36.38025594149909,61.37877087650608,output_Construct_Both/exp20/agricultural|Random|100|-|-|-|-|-|FRONT|20|400|NSGAII/results/AGRICULTURAL_NSGAII_131225_1113594648650347582052087_11_Front
20.222190971733937,85.39934636775413,output_Construct_Both/exp20/agricultural|Random|100|-|-|-|-|-|FRONT|20|400|NSGAII/results/AGRICULTURAL_NSGAII_131225_1113594648650347582052087_11_Front
10.617353396146816,89.37929509284363,output_Construct_Both/exp20/agricultural|Random|100|-|-|-|-|-|FRONT|20|400|NSGAII/results/AGRICULTURAL_NSGAII_131225_1113594648650347582052087_11_Front
40.13500210940797,52.21604265810447,output_Construct_Both/exp20/agricultural|Random|100|-|-|-|-|-|FRONT|20|400|NSGAII/results/AGRICULTURAL_NSGAII_131225_1113594648650347582052087_11_Front
13.865841653775842,87.6481525469542,output_Construct_Both/exp20/agricultural|Random|100|-|-|-|-|-|FRONT|20|400|NSGAII/results/AGRICULTURAL_NSGAII_131225_1113594648650347582052087_11_Front
16.90338911545494,86.5771949511414,output_Construct_Both/exp20/agricultural|Random|100|-|-|-|-|-|FRONT|20|400|NSGAII/results/AGRICULTURAL_NSGAII_131225_1113594648650347582052087_11_Front
31.06454788356069,63.90770516107365,output_Construct_Both/exp20/agricultural|Random|100|-|-|-|-|-|FRONT|20|400|NSGAII/results/AGRICULTURAL_NSGAII_131225_1113594648650347582052087_11_Front
32.9911404865701,62.84739570961692,output_Construct_Both/exp20/agricultural|Random|100|-|-|-|-|-|FRONT|20|400|NSGAII/results/AGRICULTURAL_NSGAII_131225_1113594648650347582052087_11_Front
3.1641119392490613,95.40655434239518,output_Construct_Both/exp20/agricultural|Random|100|-|-|-|-|-|FRONT|20|400|NSGAII/results/AGRICULTURAL_NSGAII_131225_1113594648650347582052087_11_Front
49.96484320067501,44.93475963861835,output_Construct_Both/exp20/agricultural|Random|100|-|-|-|-|-|FRONT|20|400|NSGAII/results/AGRICULTURAL_NSGAII_131225_1113594648650347582052087_11_Front
25.073829278582476,69.34808783900004,output_Construct_Both/exp20/agricultural|Random|100|-|-|-|-|-|FRONT|20|400|NSGAII/results/AGRICULTURAL_NSGAII_131225_1113594648650347582052087_11_Front
0.084376318379981,99.8890135722886,output_Construct_Both/exp20/agricultural|Random|100|-|-|-|-|-|FRONT|20|400|NSGAII/results/AGRICULTURAL_NSGAII_131225_1114074209335046217500795_12_Front
50.471101110954876,44.293823257185466,output_Construct_Both/exp20/agricultural|Random|100|-|-|-|-|-|FRONT|20|400|NSGAII/results/AGRICULTURAL_NSGAII_131225_1114074209335046217500795_12_Front
25.073829278582476,69.34808783900004,output_Construct_Both/exp20/agricultural|Random|100|-|-|-|-|-|FRONT|20|400|NSGAII/results/AGRICULTURAL_NSGAII_131225_1114074209335046217500795_12_Front
20.222190971733937,85.39934636775413,output_Construct_Both/exp20/agricultural|Random|100|-|-|-|-|-|FRONT|20|400|NSGAII/results/AGRICULTURAL_NSGAII_131225_1114074209335046217500795_12_Front
44.185065391646745,48.440456395848855,output_Construct_Both/exp20/agricultural|Random|100|-|-|-|-|-|FRONT|20|400|NSGAII/results/AGRICULTURAL_NSGAII_131225_1114074209335046217500795_12_Front
3.1641119392490613,95.40655434239518,output_Construct_Both/exp20/agricultural|Random|100|-|-|-|-|-|FRONT|20|400|NSGAII/results/AGRICULTURAL_NSGAII_131225_1114074209335046217500795_12_Front
40.13500210940797,52.21604265810447,output_Construct_Both/exp20/agricultural|Random|100|-|-|-|-|-|FRONT|20|400|NSGAII/results/AGRICULTURAL_NSGAII_131225_1114074209335046217500795_12_Front
36.38025594149909,61.37877087650608,output_Construct_Both/exp20/agricultural|Random|100|-|-|-|-|-|FRONT|20|400|NSGAII/results/AGRICULTURAL_NSGAII_131225_1114074209335046217500795_12_Front
49.96484320067501,44.93475963861835,output_Construct_Both/exp20/agricultural|Random|100|-|-|-|-|-|FRONT|20|400|NSGAII/results/AGRICULTURAL_NSGAII_131225_1114074209335046217500795_12_Front
32.9911404865701,62.84739570961692,output_Construct_Both/exp20/agricultural|Random|100|-|-|-|-|-|FRONT|20|400|NSGAII/results/AGRICULTURAL_NSGAII_131225_1114074209335046217500795_12_Front
29.74265222894108,64.875867209449,output_Construct_Both/exp20/agricultural|Random|100|-|-|-|-|-|FRONT|20|400|NSGAII/results/AGRICULTURAL_NSGAII_131225_1114074209335046217500795_12_Front
10.617353396146816,89.37929509284363,output_Construct_Both/exp20/agricultural|Random|100|-|-|-|-|-|FRONT|20|400|NSGAII/results/AGRICULTURAL_NSGAII_131225_1114074209335046217500795_12_Front
0.084376318379981,99.8890135722886,output_Construct_Both/exp20/agricultural|Random|100|-|-|-|-|-|FRONT|20|400|NSGAII/results/AGRICULTURAL_NSGAII_131225_11141615866682303690418269_13_Front
20.222190971733937,85.39934636775413,output_Construct_Both/exp20/agricultural|Random|100|-|-|-|-|-|FRONT|20|400|NSGAII/results/AGRICULTURAL_NSGAII_131225_11141615866682303690418269_13_Front
10.617353396146816,89.37929509284363,output_Construct_Both/exp20/agricultural|Random|100|-|-|-|-|-|FRONT|20|400|NSGAII/results/AGRICULTURAL_NSGAII_131225_11141615866682303690418269_13_Front
25.073829278582476,69.34808783900004,output_Construct_Both/exp20/agricultural|Random|100|-|-|-|-|-|FRONT|20|400|NSGAII/results/AGRICULTURAL_NSGAII_131225_11141615866682303690418269_13_Front
7.509492335817747,92.51804041380329,output_Construct_Both/exp20/agricultural|Random|100|-|-|-|-|-|FRONT|20|400|NSGAII/results/AGRICULTURAL_NSGAII_131225_11141615866682303690418269_13_Front
32.9911404865701,62.84739570961692,output_Construct_Both/exp20/agricultural|Random|100|-|-|-|-|-|FRONT|20|400|NSGAII/results/AGRICULTURAL_NSGAII_131225_11141615866682303690418269_13_Front
39.164674448038255,60.20133183713256,output_Construct_Both/exp20/agricultural|Random|100|-|-|-|-|-|FRONT|20|400|NSGAII/results/AGRICULTURAL_NSGAII_131225_11141615866682303690418269_13_Front
29.74265222894108,64.875867209449,output_Construct_Both/exp20/agricultural|Random|100|-|-|-|-|-|FRONT|20|400|NSGAII/results/AGRICULTURAL_NSGAII_131225_11141615866682303690418269_13_Front
50.471101110954876,44.293823257185466,output_Construct_Both/exp20/agricultural|Random|100|-|-|-|-|-|FRONT|20|400|NSGAII/results/AGRICULTURAL_NSGAII_131225_11141615866682303690418269_13_Front
3.1641119392490613,95.40655434239518,output_Construct_Both/exp20/agricultural|Random|100|-|-|-|-|-|FRONT|20|400|NSGAII/results/AGRICULTURAL_NSGAII_131225_11141615866682303690418269_13_Front
40.13500210940797,52.21604265810447,output_Construct_Both/exp20/agricultural|Random|100|-|-|-|-|-|FRONT|20|400|NSGAII/results/AGRICULTURAL_NSGAII_131225_11141615866682303690418269_13_Front
0.084376318379981,99.8890135722886,output_Construct_Both/exp20/agricultural|Random|100|-|-|-|-|-|FRONT|20|400|NSGAII/results/AGRICULTURAL_NSGAII_131225_1114259649305480116872099_14_Front
20.222190971733937,85.39934636775413,output_Construct_Both/exp20/agricultural|Random|100|-|-|-|-|-|FRONT|20|400|NSGAII/results/AGRICULTURAL_NSGAII_131225_1114259649305480116872099_14_Front
40.13500210940797,52.21604265810447,output_Construct_Both/exp20/agricultural|Random|100|-|-|-|-|-|FRONT|20|400|NSGAII/results/AGRICULTURAL_NSGAII_131225_1114259649305480116872099_14_Front
55.73055828997329,42.26780902143554,output_Construct_Both/exp20/agricultural|Random|100|-|-|-|-|-|FRONT|20|400|NSGAII/results/AGRICULTURAL_NSGAII_131225_1114259649305480116872099_14_Front
39.164674448038255,60.20133183713256,output_Construct_Both/exp20/agricultural|Random|100|-|-|-|-|-|FRONT|20|400|NSGAII/results/AGRICULTURAL_NSGAII_131225_1114259649305480116872099_14_Front
32.9911404865701,62.84739570961692,output_Construct_Both/exp20/agricultural|Random|100|-|-|-|-|-|FRONT|20|400|NSGAII/results/AGRICULTURAL_NSGAII_131225_1114259649305480116872099_14_Front
12.57207143861623,88.5110617838099,output_Construct_Both/exp20/agricultural|Random|100|-|-|-|-|-|FRONT|20|400|NSGAII/results/AGRICULTURAL_NSGAII_131225_1114259649305480116872099_14_Front
50.471101110954876,44.293823257185466,output_Construct_Both/exp20/agricultural|Random|100|-|-|-|-|-|FRONT|20|400|NSGAII/results/AGRICULTURAL_NSGAII_131225_1114259649305480116872099_14_Front
7.509492335817747,92.51804041380329,output_Construct_Both/exp20/agricultural|Random|100|-|-|-|-|-|FRONT|20|400|NSGAII/results/AGRICULTURAL_NSGAII_131225_1114259649305480116872099_14_Front
29.74265222894108,64.875867209449,output_Construct_Both/exp20/agricultural|Random|100|-|-|-|-|-|FRONT|20|400|NSGAII/results/AGRICULTURAL_NSGAII_131225_1114259649305480116872099_14_Front
0.084376318379981,99.8890135722886,output_Construct_Both/exp20/agricultural|Random|100|-|-|-|-|-|FRONT|20|400|NSGAII/results/AGRICULTURAL_NSGAII_131225_1114341837724597433822865_15_Front
20.222190971733937,85.39934636775413,output_Construct_Both/exp20/agricultural|Random|100|-|-|-|-|-|FRONT|20|400|NSGAII/results/AGRICULTURAL_NSGAII_131225_1114341837724597433822865_15_Front
40.13500210940797,52.21604265810447,output_Construct_Both/exp20/agricultural|Random|100|-|-|-|-|-|FRONT|20|400|NSGAII/results/AGRICULTURAL_NSGAII_131225_1114341837724597433822865_15_Front
55.73055828997329,42.26780902143554,output_Construct_Both/exp20/agricultural|Random|100|-|-|-|-|-|FRONT|20|400|NSGAII/results/AGRICULTURAL_NSGAII_131225_1114341837724597433822865_15_Front
7.509492335817747,92.51804041380329,output_Construct_Both/exp20/agricultural|Random|100|-|-|-|-|-|FRONT|20|400|NSGAII/results/AGRICULTURAL_NSGAII_131225_1114341837724597433822865_15_Front
3.403178174658979,94.9798094801248,output_Construct_Both/exp20/agricultural|Random|100|-|-|-|-|-|FRONT|20|400|NSGAII/results/AGRICULTURAL_NSGAII_131225_1114341837724597433822865_15_Front
39.164674448038255,60.20133183713256,output_Construct_Both/exp20/agricultural|Random|100|-|-|-|-|-|FRONT|20|400|NSGAII/results/AGRICULTURAL_NSGAII_131225_1114341837724597433822865_15_Front
12.57207143861623,88.5110617838099,output_Construct_Both/exp20/agricultural|Random|100|-|-|-|-|-|FRONT|20|400|NSGAII/results/AGRICULTURAL_NSGAII_131225_1114341837724597433822865_15_Front
32.9911404865701,62.84739570961692,output_Construct_Both/exp20/agricultural|Random|100|-|-|-|-|-|FRONT|20|400|NSGAII/results/AGRICULTURAL_NSGAII_131225_1114341837724597433822865_15_Front
29.672338630291108,64.92050750694177,output_Construct_Both/exp20/agricultural|Random|100|-|-|-|-|-|FRONT|20|400|NSGAII/results/AGRICULTURAL_NSGAII_131225_1114341837724597433822865_15_Front
0.084376318379981,99.8890135722886,output_Construct_Both/exp20/agricultural|Random|100|-|-|-|-|-|FRONT|20|400|NSGAII/results/AGRICULTURAL_NSGAII_131225_11145012540732417864003891_16_Front
55.73055828997329,42.26780902143554,output_Construct_Both/exp20/agricultural|Random|100|-|-|-|-|-|FRONT|20|400|NSGAII/results/AGRICULTURAL_NSGAII_131225_11145012540732417864003891_16_Front
40.13500210940797,52.21604265810447,output_Construct_Both/exp20/agricultural|Random|100|-|-|-|-|-|FRONT|20|400|NSGAII/results/AGRICULTURAL_NSGAII_131225_11145012540732417864003891_16_Front
7.509492335817747,92.51804041380329,output_Construct_Both/exp20/agricultural|Random|100|-|-|-|-|-|FRONT|20|400|NSGAII/results/AGRICULTURAL_NSGAII_131225_11145012540732417864003891_16_Front
3.403178174658979,94.9798094801248,output_Construct_Both/exp20/agricultural|Random|100|-|-|-|-|-|FRONT|20|400|NSGAII/results/AGRICULTURAL_NSGAII_131225_11145012540732417864003891_16_Front
20.222190971733937,85.39934636775413,output_Construct_Both/exp20/agricultural|Random|100|-|-|-|-|-|FRONT|20|400|NSGAII/results/AGRICULTURAL_NSGAII_131225_11145012540732417864003891_16_Front
12.881451272676136,88.04581978425225,output_Construct_Both/exp20/agricultural|Random|100|-|-|-|-|-|FRONT|20|400|NSGAII/results/AGRICULTURAL_NSGAII_131225_11145012540732417864003891_16_Front
29.672338630291108,64.92050750694177,output_Construct_Both/exp20/agricultural|Random|100|-|-|-|-|-|FRONT|20|400|NSGAII/results/AGRICULTURAL_NSGAII_131225_11145012540732417864003891_16_Front
39.164674448038255,60.20133183713256,output_Construct_Both/exp20/agricultural|Random|100|-|-|-|-|-|FRONT|20|400|NSGAII/results/AGRICULTURAL_NSGAII_131225_11145012540732417864003891_16_Front
0.084376318379981,99.8890135722886,output_Construct_Both/exp20/agricultural|Random|100|-|-|-|-|-|FRONT|20|400|NSGAII/results/AGRICULTURAL_NSGAII_131225_11150610861684215636157212_17_Front
66.26353536774012,26.178053355394116,output_Construct_Both/exp20/agricultural|Random|100|-|-|-|-|-|FRONT|20|400|NSGAII/results/AGRICULTURAL_NSGAII_131225_11150610861684215636157212_17_Front
29.672338630291108,64.92050750694177,output_Construct_Both/exp20/agricultural|Random|100|-|-|-|-|-|FRONT|20|400|NSGAII/results/AGRICULTURAL_NSGAII_131225_11150610861684215636157212_17_Front
55.73055828997329,42.26780902143554,output_Construct_Both/exp20/agricultural|Random|100|-|-|-|-|-|FRONT|20|400|NSGAII/results/AGRICULTURAL_NSGAII_131225_11150610861684215636157212_17_Front
20.222190971733937,85.39934636775413,output_Construct_Both/exp20/agricultural|Random|100|-|-|-|-|-|FRONT|20|400|NSGAII/results/AGRICULTURAL_NSGAII_131225_11150610861684215636157212_17_Front
12.881451272676136,88.04581978425225,output_Construct_Both/exp20/agricultural|Random|100|-|-|-|-|-|FRONT|20|400|NSGAII/results/AGRICULTURAL_NSGAII_131225_11150610861684215636157212_17_Front
39.164674448038255,60.20133183713256,output_Construct_Both/exp20/agricultural|Random|100|-|-|-|-|-|FRONT|20|400|NSGAII/results/AGRICULTURAL_NSGAII_131225_11150610861684215636157212_17_Front
40.13500210940797,52.21604265810447,output_Construct_Both/exp20/agricultural|Random|100|-|-|-|-|-|FRONT|20|400|NSGAII/results/AGRICULTURAL_NSGAII_131225_11150610861684215636157212_17_Front
7.509492335817747,92.51804041380329,output_Construct_Both/exp20/agricultural|Random|100|-|-|-|-|-|FRONT|20|400|NSGAII/results/AGRICULTURAL_NSGAII_131225_11150610861684215636157212_17_Front
0.084376318379981,99.8890135722886,output_Construct_Both/exp20/agricultural|Random|100|-|-|-|-|-|FRONT|20|400|NSGAII/results/AGRICULTURAL_NSGAII_131225_1115207354979299824915368_18_Front
66.26353536774012,26.178053355394116,output_Construct_Both/exp20/agricultural|Random|100|-|-|-|-|-|FRONT|20|400|NSGAII/results/AGRICULTURAL_NSGAII_131225_1115207354979299824915368_18_Front
29.672338630291108,64.92050750694177,output_Construct_Both/exp20/agricultural|Random|100|-|-|-|-|-|FRONT|20|400|NSGAII/results/AGRICULTURAL_NSGAII_131225_1115207354979299824915368_18_Front
61.0181409084517,34.67322483147265,output_Construct_Both/exp20/agricultural|Random|100|-|-|-|-|-|FRONT|20|400|NSGAII/results/AGRICULTURAL_NSGAII_131225_1115207354979299824915368_18_Front
20.222190971733937,85.39934636775413,output_Construct_Both/exp20/agricultural|Random|100|-|-|-|-|-|FRONT|20|400|NSGAII/results/AGRICULTURAL_NSGAII_131225_1115207354979299824915368_18_Front
7.509492335817747,92.51804041380329,output_Construct_Both/exp20/agricultural|Random|100|-|-|-|-|-|FRONT|20|400|NSGAII/results/AGRICULTURAL_NSGAII_131225_1115207354979299824915368_18_Front
55.73055828997329,42.26780902143554,output_Construct_Both/exp20/agricultural|Random|100|-|-|-|-|-|FRONT|20|400|NSGAII/results/AGRICULTURAL_NSGAII_131225_1115207354979299824915368_18_Front
39.164674448038255,60.20133183713256,output_Construct_Both/exp20/agricultural|Random|100|-|-|-|-|-|FRONT|20|400|NSGAII/results/AGRICULTURAL_NSGAII_131225_1115207354979299824915368_18_Front
12.881451272676136,88.04581978425225,output_Construct_Both/exp20/agricultural|Random|100|-|-|-|-|-|FRONT|20|400|NSGAII/results/AGRICULTURAL_NSGAII_131225_1115207354979299824915368_18_Front
40.13500210940797,52.21604265810447,output_Construct_Both/exp20/agricultural|Random|100|-|-|-|-|-|FRONT|20|400|NSGAII/results/AGRICULTURAL_NSGAII_131225_1115207354979299824915368_18_Front
0.084376318379981,99.8890135722886,output_Construct_Both/exp20/agricultural|Random|100|-|-|-|-|-|FRONT|20|400|NSGAII/results/AGRICULTURAL_NSGAII_131225_11153012783955641370663397_19_Front
66.26353536774012,26.178053355394116,output_Construct_Both/exp20/agricultural|Random|100|-|-|-|-|-|FRONT|20|400|NSGAII/results/AGRICULTURAL_NSGAII_131225_11153012783955641370663397_19_Front
12.881451272676136,88.04581978425225,output_Construct_Both/exp20/agricultural|Random|100|-|-|-|-|-|FRONT|20|400|NSGAII/results/AGRICULTURAL_NSGAII_131225_11153012783955641370663397_19_Front
61.0181409084517,34.67322483147265,output_Construct_Both/exp20/agricultural|Random|100|-|-|-|-|-|FRONT|20|400|NSGAII/results/AGRICULTURAL_NSGAII_131225_11153012783955641370663397_19_Front
20.222190971733937,85.39934636775413,output_Construct_Both/exp20/agricultural|Random|100|-|-|-|-|-|FRONT|20|400|NSGAII/results/AGRICULTURAL_NSGAII_131225_11153012783955641370663397_19_Front
39.164674448038255,60.20133183713256,output_Construct_Both/exp20/agricultural|Random|100|-|-|-|-|-|FRONT|20|400|NSGAII/results/AGRICULTURAL_NSGAII_131225_11153012783955641370663397_19_Front
7.509492335817747,92.51804041380329,output_Construct_Both/exp20/agricultural|Random|100|-|-|-|-|-|FRONT|20|400|NSGAII/results/AGRICULTURAL_NSGAII_131225_11153012783955641370663397_19_Front
40.13500210940797,52.21604265810447,output_Construct_Both/exp20/agricultural|Random|100|-|-|-|-|-|FRONT|20|400|NSGAII/results/AGRICULTURAL_NSGAII_131225_11153012783955641370663397_19_Front
55.73055828997329,42.26780902143554,output_Construct_Both/exp20/agricultural|Random|100|-|-|-|-|-|FRONT|20|400|NSGAII/results/AGRICULTURAL_NSGAII_131225_11153012783955641370663397_19_Front
29.672338630291108,64.92050750694177,output_Construct_Both/exp20/agricultural|Random|100|-|-|-|-|-|FRONT|20|400|NSGAII/results/AGRICULTURAL_NSGAII_131225_11153012783955641370663397_19_Front
0.084376318379981,99.8890135722886,output_Construct_Both/exp20/agricultural|Random|100|-|-|-|-|-|FRONT|20|400|NSGAII/results/AGRICULTURAL_NSGAII_131225_1115373645480011131433306_20_Front
66.26353536774012,26.178053355394116,output_Construct_Both/exp20/agricultural|Random|100|-|-|-|-|-|FRONT|20|400|NSGAII/results/AGRICULTURAL_NSGAII_131225_1115373645480011131433306_20_Front
40.13500210940797,52.21604265810447,output_Construct_Both/exp20/agricultural|Random|100|-|-|-|-|-|FRONT|20|400|NSGAII/results/AGRICULTURAL_NSGAII_131225_1115373645480011131433306_20_Front
61.0181409084517,34.67322483147265,output_Construct_Both/exp20/agricultural|Random|100|-|-|-|-|-|FRONT|20|400|NSGAII/results/AGRICULTURAL_NSGAII_131225_1115373645480011131433306_20_Front
55.73055828997329,42.26780902143554,output_Construct_Both/exp20/agricultural|Random|100|-|-|-|-|-|FRONT|20|400|NSGAII/results/AGRICULTURAL_NSGAII_131225_1115373645480011131433306_20_Front
20.222190971733937,85.39934636775413,output_Construct_Both/exp20/agricultural|Random|100|-|-|-|-|-|FRONT|20|400|NSGAII/results/AGRICULTURAL_NSGAII_131225_1115373645480011131433306_20_Front
7.509492335817747,92.51804041380329,output_Construct_Both/exp20/agricultural|Random|100|-|-|-|-|-|FRONT|20|400|NSGAII/results/AGRICULTURAL_NSGAII_131225_1115373645480011131433306_20_Front
12.881451272676136,88.04581978425225,output_Construct_Both/exp20/agricultural|Random|100|-|-|-|-|-|FRONT|20|400|NSGAII/results/AGRICULTURAL_NSGAII_131225_1115373645480011131433306_20_Front
39.164674448038255,60.20133183713256,output_Construct_Both/exp20/agricultural|Random|100|-|-|-|-|-|FRONT|20|400|NSGAII/results/AGRICULTURAL_NSGAII_131225_1115373645480011131433306_20_Front
3.403178174658979,94.9798094801248,output_Construct_Both/exp20/agricultural|Random|100|-|-|-|-|-|FRONT|20|400|NSGAII/results/AGRICULTURAL_NSGAII_131225_1115373645480011131433306_20_Front
