Accepting from port: 8860
Sending: 0.3394359825947439#120.22930808040974#0.3394359825947439#
Sending: 0.8639092989570791#202.2693731805432#0.8639092989570791#
Sending: 0.9356342131727733#206.86900133260312#0.9356342131727733#
Sending: 0.7865568284319118#189.08827241333765#0.7865568284319118#
