Accepting from port: 8860
Sending: 0.9616532418907597#206.43131650109837#0.9616532418907597#
Sending: 0.9999518953286546#212.1963485812951#0.9999518953286546#
