Accepting from port: 8860
Sending: 0.8499642290561513#194.90427018292985#0.8499642290561513#
Sending: 0.9916211245130756#211.1313149675126#0.9916211245130756#
