Accepting from port: 8860
Sending: 0.4536733544549514#135.5017732218297#0.4536733544549514#
Sending: 0.4536733544549514#135.5017732218297#0.4536733544549514#
Sending: 0.1976967054929341#110.15145962197118#0.1976967054929341#
Sending: 0.3657544224374165#130.1708031130943#0.3657544224374165#
