Accepting from port: 8860
Sending: 0.7459574877637467#185.05560012583499#0.7459574877637467#
Sending: 0.755764937039354#186.72447222200194#0.755764937039354#
Sending: 0.9999671954785803#213.31893449195792#0.9999671954785803#
