Accepting from port: 8860
Sending: 0.8176975051518671#190.28957281632228#0.8176975051518671#
Sending: 0.9837749375113402#211.37786426051412#0.9837749375113402#
